<?xml version="1.0" encoding="utf-8"?>
<COLLADA xmlns="http://www.collada.org/2005/11/COLLADASchema" version="1.4.1">
  <asset>
    <contributor>
      <author>Mixamo</author>
      <authoring_tool>COLLADA Mixamo exporter</authoring_tool>
      <comments/>
    </contributor>
    <created>2025-05-31T05:01:52Z</created>
    <modified>2025-05-31T05:01:52Z</modified>
    <revision/>
    <title/>
    <unit meter="0.010000"/>
    <up_axis>Y_UP</up_axis>
  </asset>
  <library_animations>
    <animation id="mixamorig12_Hips-anim" name="mixamorig12_Hips">
      <source id="mixamorig12_Hips-Matrix-animation-input">
        <float_array id="mixamorig12_Hips-Matrix-animation-input-array" count="298">

0.000000 0.033333 0.066667 0.100000 0.133333 0.166667 0.200000 0.233333 0.266667 0.300000 0.333333 0.366667 0.400000 0.433333 0.466667 0.500000
0.533333 0.566667 0.600000 0.633333 0.666667 0.700000 0.733333 0.766667 0.800000 0.833333 0.866667 0.900000 0.933333 0.966667 1.000000 1.033333
1.066667 1.100000 1.133333 1.166667 1.200000 1.233333 1.266667 1.300000 1.333333 1.366667 1.400000 1.433333 1.466667 1.500000 1.533333 1.566667
1.600000 1.633333 1.666667 1.700000 1.733333 1.766667 1.800000 1.833333 1.866667 1.900000 1.933333 1.966667 2.000000 2.033333 2.066667 2.100000
2.133333 2.166667 2.200000 2.233333 2.266667 2.300000 2.333333 2.366667 2.400000 2.433333 2.466667 2.500000 2.533333 2.566667 2.600000 2.633333
2.666667 2.700000 2.733333 2.766667 2.800000 2.833333 2.866667 2.900000 2.933333 2.966667 3.000000 3.033333 3.066667 3.100000 3.133333 3.166667
3.200000 3.233333 3.266667 3.300000 3.333333 3.366667 3.400000 3.433333 3.466667 3.500000 3.533333 3.566667 3.600000 3.633333 3.666667 3.700000
3.733333 3.766667 3.800000 3.833333 3.866667 3.900000 3.933333 3.966667 4.000000 4.033333 4.066667 4.100000 4.133333 4.166667 4.200000 4.233333
4.266667 4.300000 4.333333 4.366667 4.400000 4.433333 4.466667 4.500000 4.533333 4.566667 4.600000 4.633333 4.666667 4.700000 4.733333 4.766667
4.800000 4.833333 4.866667 4.900000 4.933333 4.966667 5.000000 5.033333 5.066667 5.100000 5.133333 5.166667 5.200000 5.233333 5.266667 5.300000
5.333333 5.366667 5.400000 5.433333 5.466667 5.500000 5.533333 5.566667 5.600000 5.633333 5.666667 5.700000 5.733333 5.766667 5.800000 5.833333
5.866667 5.900000 5.933333 5.966667 6.000000 6.033333 6.066667 6.100000 6.133333 6.166667 6.200000 6.233333 6.266667 6.300000 6.333333 6.366667
6.400000 6.433333 6.466667 6.500000 6.533333 6.566667 6.600000 6.633333 6.666667 6.700000 6.733333 6.766667 6.800000 6.833333 6.866667 6.900000
6.933333 6.966667 7.000000 7.033333 7.066667 7.100000 7.133333 7.166667 7.200000 7.233333 7.266667 7.300000 7.333333 7.366667 7.400000 7.433333
7.466667 7.500000 7.533333 7.566667 7.600000 7.633333 7.666667 7.700000 7.733333 7.766667 7.800000 7.833333 7.866667 7.900000 7.933333 7.966667
8.000000 8.033333 8.066667 8.100000 8.133333 8.166667 8.200000 8.233333 8.266667 8.300000 8.333333 8.366667 8.400000 8.433333 8.466667 8.500000
8.533333 8.566667 8.600000 8.633333 8.666667 8.700000 8.733333 8.766667 8.800000 8.833333 8.866667 8.900000 8.933333 8.966667 9.000000 9.033333
9.066667 9.100000 9.133333 9.166667 9.200000 9.233333 9.266667 9.300000 9.333333 9.366667 9.400000 9.433333 9.466667 9.500000 9.533333 9.566667
9.600000 9.633333 9.666667 9.700000 9.733333 9.766667 9.800000 9.833333 9.866667 9.900000</float_array>
        <technique_common>
          <accessor source="#mixamorig12_Hips-Matrix-animation-input-array" count="298">
            <param name="TIME" type="float"/>
          </accessor>
        </technique_common>
      </source>
      <source id="mixamorig12_Hips-Matrix-animation-output-transform">
        <float_array id="mixamorig12_Hips-Matrix-animation-output-transform-array" count="4768">

0.999850 0.017196 -0.001949 0.039686 -0.017138 0.999500 0.026553 97.804329 0.002405 -0.026515 0.999646 0.591632 0.000000 0.000000 0.000000 1.000000
0.999820 0.018868 -0.002220 0.218010 -0.018802 0.999460 0.026954 97.768234 0.002727 -0.026907 0.999634 0.555649 0.000000 0.000000 0.000000 1.000000
0.999789 0.020398 -0.002300 0.390579 -0.020328 0.999417 0.027419 97.739990 0.002858 -0.027366 0.999621 0.543617 0.000000 0.000000 0.000000 1.000000
0.999769 0.021428 -0.001887 0.544041 -0.021366 0.999374 0.028200 97.734764 0.002490 -0.028153 0.999601 0.597082 0.000000 0.000000 0.000000 1.000000
0.999751 0.022269 -0.001355 0.685207 -0.022220 0.999328 0.029159 97.721687 0.002003 -0.029121 0.999574 0.651212 0.000000 0.000000 0.000000 1.000000
0.999732 0.023136 -0.000672 0.815144 -0.023106 0.999277 0.030180 97.690506 0.001369 -0.030157 0.999544 0.703523 0.000000 0.000000 0.000000 1.000000
0.999707 0.024187 0.000129 0.934409 -0.024179 0.999222 0.031168 97.637352 0.000625 -0.031162 0.999514 0.751979 0.000000 0.000000 0.000000 1.000000
0.999676 0.025430 0.000959 1.042472 -0.025448 0.999161 0.032087 97.565094 -0.000143 -0.032101 0.999485 0.796001 0.000000 0.000000 0.000000 1.000000
0.999641 0.026735 0.001729 1.138185 -0.026778 0.999098 0.032944 97.479965 -0.000846 -0.032978 0.999456 0.836214 0.000000 0.000000 0.000000 1.000000
0.999607 0.027919 0.002394 1.220265 -0.027984 0.999039 0.033739 97.387985 -0.001449 -0.033793 0.999428 0.873494 0.000000 0.000000 0.000000 1.000000
0.999580 0.028846 0.002957 1.287382 -0.028930 0.998988 0.034449 97.293190 -0.001960 -0.034520 0.999402 0.908329 0.000000 0.000000 0.000000 1.000000
0.999559 0.029480 0.003430 1.338429 -0.029582 0.998948 0.035042 97.197762 -0.002394 -0.035128 0.999380 0.940684 0.000000 0.000000 0.000000 1.000000
0.999546 0.029876 0.003795 1.373194 -0.029992 0.998919 0.035504 97.102356 -0.002730 -0.035602 0.999362 0.970109 0.000000 0.000000 0.000000 1.000000
0.999538 0.030135 0.003992 1.393372 -0.030259 0.998899 0.035846 97.006958 -0.002908 -0.035951 0.999349 0.995872 0.000000 0.000000 0.000000 1.000000
0.999531 0.030354 0.003955 1.402424 -0.030478 0.998884 0.036087 96.911713 -0.002855 -0.036191 0.999341 1.017034 0.000000 0.000000 0.000000 1.000000
0.999525 0.030591 0.003642 1.403727 -0.030703 0.998871 0.036248 96.818031 -0.002529 -0.036343 0.999336 1.032556 0.000000 0.000000 0.000000 1.000000
0.999519 0.030861 0.003073 1.399113 -0.030952 0.998859 0.036361 96.729019 -0.001947 -0.036438 0.999334 1.041576 0.000000 0.000000 0.000000 1.000000
0.999512 0.031164 0.002341 1.388850 -0.031229 0.998846 0.036482 96.649048 -0.001202 -0.036537 0.999332 1.043993 0.000000 0.000000 0.000000 1.000000
0.999502 0.031516 0.001581 1.372648 -0.031553 0.998828 0.036698 96.581635 -0.000423 -0.036729 0.999325 1.041052 0.000000 0.000000 0.000000 1.000000
0.999489 0.031944 0.000906 1.350680 -0.031955 0.998801 0.037098 96.527901 0.000280 -0.037108 0.999311 1.035488 0.000000 0.000000 0.000000 1.000000
0.999473 0.032468 0.000369 1.323294 -0.032459 0.998760 0.037740 96.486221 0.000857 -0.037733 0.999288 1.030938 0.000000 0.000000 0.000000 1.000000
0.999453 0.033077 -0.000040 1.290642 -0.033051 0.998707 0.038631 96.452705 0.001317 -0.038609 0.999254 1.030638 0.000000 0.000000 0.000000 1.000000
0.999431 0.033723 -0.000357 1.252501 -0.033682 0.998643 0.039724 96.421692 0.001696 -0.039689 0.999211 1.036029 0.000000 0.000000 0.000000 1.000000
0.999411 0.034321 -0.000627 1.208389 -0.034266 0.998574 0.040930 96.386757 0.002031 -0.040884 0.999162 1.046073 0.000000 0.000000 0.000000 1.000000
0.999395 0.034770 -0.000896 1.157860 -0.034701 0.998509 0.042140 96.344231 0.002360 -0.042084 0.999111 1.057980 0.000000 0.000000 0.000000 1.000000
0.999387 0.034992 -0.001205 1.100513 -0.034908 0.998453 0.043276 96.296165 0.002717 -0.043208 0.999062 1.069081 0.000000 0.000000 0.000000 1.000000
0.999387 0.034972 -0.001567 1.036442 -0.034868 0.998408 0.044336 96.249443 0.003115 -0.044254 0.999015 1.078407 0.000000 0.000000 0.000000 1.000000
0.999394 0.034766 -0.001957 0.965979 -0.034642 0.998368 0.045391 96.211609 0.003532 -0.045296 0.998967 1.086753 0.000000 0.000000 0.000000 1.000000
0.999403 0.034480 -0.002328 0.889884 -0.034334 0.998327 0.046520 96.186020 0.003928 -0.046413 0.998915 1.095378 0.000000 0.000000 0.000000 1.000000
0.999411 0.034215 -0.002629 0.808828 -0.034051 0.998280 0.047732 96.169983 0.004257 -0.047614 0.998857 1.104648 0.000000 0.000000 0.000000 1.000000
0.999416 0.034047 -0.002826 0.723258 -0.033868 0.998227 0.048948 96.156425 0.004488 -0.048824 0.998797 1.113564 0.000000 0.000000 0.000000 1.000000
0.999418 0.033996 -0.002921 0.633407 -0.033808 0.998173 0.050069 96.138016 0.004618 -0.049941 0.998741 1.120373 0.000000 0.000000 0.000000 1.000000
0.999417 0.034027 -0.002948 0.539090 -0.033833 0.998123 0.051054 96.111870 0.004680 -0.050924 0.998692 1.123461 0.000000 0.000000 0.000000 1.000000
0.999416 0.034054 -0.002961 0.439978 -0.033855 0.998076 0.051943 96.080673 0.004724 -0.051812 0.998646 1.121915 0.000000 0.000000 0.000000 1.000000
0.999418 0.033980 -0.002999 0.335616 -0.033774 0.998033 0.052813 96.050453 0.004788 -0.052681 0.998600 1.115466 0.000000 0.000000 0.000000 1.000000
0.999426 0.033746 -0.003072 0.225812 -0.033533 0.997994 0.053706 96.024940 0.004878 -0.053572 0.998552 1.104311 0.000000 0.000000 0.000000 1.000000
0.999438 0.033369 -0.003154 0.110763 -0.033147 0.997958 0.054596 96.005142 0.004969 -0.054461 0.998504 1.088980 0.000000 0.000000 0.000000 1.000000
0.999453 0.032904 -0.003208 -0.009084 -0.032676 0.997930 0.055389 95.989578 0.005024 -0.055254 0.998460 1.070332 0.000000 0.000000 0.000000 1.000000
0.999470 0.032398 -0.003214 -0.133390 -0.032168 0.997915 0.055956 95.977036 0.005020 -0.055823 0.998428 1.049368 0.000000 0.000000 0.000000 1.000000
0.999487 0.031855 -0.003186 -0.261986 -0.031626 0.997919 0.056189 95.968094 0.004970 -0.056059 0.998415 1.026811 0.000000 0.000000 0.000000 1.000000
0.999506 0.031266 -0.003159 -0.394900 -0.031040 0.997945 0.056049 95.964485 0.004905 -0.055924 0.998423 1.002760 0.000000 0.000000 0.000000 1.000000
0.999525 0.030650 -0.003151 -0.531904 -0.030428 0.997990 0.055584 95.967552 0.004848 -0.055462 0.998449 0.976556 0.000000 0.000000 0.000000 1.000000
0.999543 0.030067 -0.003146 -0.672624 -0.029850 0.998045 0.054902 95.976692 0.004791 -0.054783 0.998487 0.947004 0.000000 0.000000 0.000000 1.000000
0.999558 0.029560 -0.003111 -0.816696 -0.029349 0.998103 0.054118 95.989403 0.004705 -0.054003 0.998530 0.912792 0.000000 0.000000 0.000000 1.000000
0.999572 0.029092 -0.003033 -0.964260 -0.028889 0.998160 0.053306 96.002975 0.004579 -0.053195 0.998574 0.872878 0.000000 0.000000 0.000000 1.000000
0.999589 0.028524 -0.002948 -1.116031 -0.028330 0.998221 0.052467 96.017265 0.004439 -0.052362 0.998618 0.826709 0.000000 0.000000 0.000000 1.000000
0.999613 0.027680 -0.002906 -1.272894 -0.027494 0.998292 0.051556 96.035812 0.004328 -0.051456 0.998666 0.774565 0.000000 0.000000 0.000000 1.000000
0.999645 0.026471 -0.002904 -1.435187 -0.026291 0.998376 0.050543 96.064438 0.004237 -0.050449 0.998718 0.717994 0.000000 0.000000 0.000000 1.000000
0.999684 0.024976 -0.002829 -1.602365 -0.024806 0.998467 0.049476 96.107445 0.004061 -0.049390 0.998771 0.659894 0.000000 0.000000 0.000000 1.000000
0.999723 0.023409 -0.002487 -1.773016 -0.023261 0.998554 0.048475 96.163849 0.003618 -0.048403 0.998821 0.603585 0.000000 0.000000 0.000000 1.000000
0.999757 0.021984 -0.001713 -1.945779 -0.021878 0.998624 0.047653 96.226715 0.002759 -0.047604 0.998862 0.551332 0.000000 0.000000 0.000000 1.000000
0.999783 0.020804 -0.000507 -2.120082 -0.020758 0.998678 0.047030 96.286934 0.001485 -0.047009 0.998893 0.503504 0.000000 0.000000 0.000000 1.000000
0.999803 0.019822 0.000950 -2.296192 -0.019844 0.998721 0.046511 96.339226 -0.000027 -0.046521 0.998917 0.458991 0.000000 0.000000 0.000000 1.000000
0.999819 0.018898 0.002397 -2.474880 -0.018988 0.998764 0.045941 96.385193 -0.001526 -0.045978 0.998941 0.416285 0.000000 0.000000 0.000000 1.000000
0.999833 0.017899 0.003643 -2.656605 -0.018045 0.998816 0.045175 96.430954 -0.002830 -0.045233 0.998972 0.374321 0.000000 0.000000 0.000000 1.000000
0.999848 0.016780 0.004633 -2.841506 -0.016968 0.998881 0.044147 96.481903 -0.003887 -0.044219 0.999014 0.332870 0.000000 0.000000 0.000000 1.000000
0.999864 0.015596 0.005407 -3.029981 -0.015814 0.998954 0.042910 96.538994 -0.004732 -0.042990 0.999064 0.292450 0.000000 0.000000 0.000000 1.000000
0.999877 0.014465 0.005997 -3.222647 -0.014703 0.999025 0.041620 96.598480 -0.005389 -0.041703 0.999116 0.254001 0.000000 0.000000 0.000000 1.000000
0.999889 0.013499 0.006380 -3.419568 -0.013746 0.999087 0.040459 96.654350 -0.005828 -0.040543 0.999161 0.218426 0.000000 0.000000 0.000000 1.000000
0.999898 0.012728 0.006515 -3.619888 -0.012976 0.999133 0.039567 96.701767 -0.006006 -0.039648 0.999196 0.186145 0.000000 0.000000 0.000000 1.000000
0.999907 0.012071 0.006414 -3.823112 -0.012312 0.999164 0.038980 96.739594 -0.005938 -0.039056 0.999219 0.157033 0.000000 0.000000 0.000000 1.000000
0.999916 0.011378 0.006167 -4.029676 -0.011608 0.999186 0.038639 96.771782 -0.005723 -0.038707 0.999234 0.130752 0.000000 0.000000 0.000000 1.000000
0.999927 0.010514 0.005890 -4.240155 -0.010733 0.999203 0.038447 96.805458 -0.005481 -0.038507 0.999243 0.107525 0.000000 0.000000 0.000000 1.000000
0.999940 0.009430 0.005641 -4.454562 -0.009640 0.999218 0.038339 96.846634 -0.005275 -0.038391 0.999249 0.088748 0.000000 0.000000 0.000000 1.000000
0.999952 0.008143 0.005406 -4.672557 -0.008344 0.999232 0.038294 96.897446 -0.005090 -0.038337 0.999252 0.076777 0.000000 0.000000 0.000000 1.000000
0.999964 0.006673 0.005148 -4.893703 -0.006866 0.999243 0.038298 96.956009 -0.004889 -0.038332 0.999253 0.073797 0.000000 0.000000 0.000000 1.000000
0.999975 0.005017 0.004908 -5.117792 -0.005202 0.999251 0.038333 97.019058 -0.004712 -0.038358 0.999253 0.080703 0.000000 0.000000 0.000000 1.000000
0.999983 0.003162 0.004822 -5.344567 -0.003345 0.999257 0.038391 97.084610 -0.004697 -0.038407 0.999251 0.096455 0.000000 0.000000 0.000000 1.000000
0.999987 0.001116 0.005055 -5.573662 -0.001310 0.999259 0.038474 97.153046 -0.005008 -0.038480 0.999247 0.118344 0.000000 0.000000 0.000000 1.000000
0.999983 -0.001081 0.005678 -5.804510 0.000862 0.999255 0.038572 97.225845 -0.005715 -0.038567 0.999240 0.143287 0.000000 0.000000 0.000000 1.000000
0.999972 -0.003369 0.006610 -6.036577 0.003111 0.999247 0.038663 97.304436 -0.006735 -0.038642 0.999230 0.169290 0.000000 0.000000 0.000000 1.000000
0.999954 -0.005687 0.007670 -6.269355 0.005386 0.999235 0.038732 97.389557 -0.007884 -0.038688 0.999220 0.196328 0.000000 0.000000 0.000000 1.000000
0.999930 -0.008007 0.008682 -6.502486 0.007664 0.999218 0.038784 97.480972 -0.008985 -0.038715 0.999210 0.226262 0.000000 0.000000 0.000000 1.000000
0.999901 -0.010335 0.009545 -6.735851 0.009957 0.999196 0.038838 97.576385 -0.009938 -0.038739 0.999200 0.262007 0.000000 0.000000 0.000000 1.000000
0.999867 -0.012691 0.010244 -6.969280 0.012283 0.999168 0.038902 97.670280 -0.010729 -0.038771 0.999191 0.306225 0.000000 0.000000 0.000000 1.000000
0.999828 -0.015058 0.010815 -7.202441 0.014626 0.999133 0.038980 97.753868 -0.011392 -0.038815 0.999181 0.359878 0.000000 0.000000 0.000000 1.000000
0.999785 -0.017381 0.011282 -7.434779 0.016928 0.999093 0.039063 97.819336 -0.011951 -0.038864 0.999173 0.421230 0.000000 0.000000 0.000000 1.000000
0.999740 -0.019617 0.011634 -7.665756 0.019148 0.999052 0.039104 97.863083 -0.012390 -0.038871 0.999167 0.486251 0.000000 0.000000 0.000000 1.000000
0.999692 -0.021788 0.011855 -7.895218 0.021310 0.999011 0.039020 97.887543 -0.012694 -0.038756 0.999168 0.550024 0.000000 0.000000 0.000000 1.000000
0.999640 -0.023985 0.012004 -8.123372 0.023504 0.998972 0.038758 97.898956 -0.012921 -0.038462 0.999177 0.608389 0.000000 0.000000 0.000000 1.000000
0.999579 -0.026313 0.012247 -8.350518 0.025826 0.998931 0.038336 97.903549 -0.013243 -0.038004 0.999190 0.658912 0.000000 0.000000 0.000000 1.000000
0.999503 -0.028809 0.012816 -8.576529 0.028306 0.998883 0.037839 97.904305 -0.013892 -0.037457 0.999202 0.701285 0.000000 0.000000 0.000000 1.000000
0.999410 -0.031425 0.013883 -8.800867 0.030888 0.998824 0.037376 97.900002 -0.015042 -0.036925 0.999205 0.737134 0.000000 0.000000 0.000000 1.000000
0.999301 -0.034047 0.015463 -9.022612 0.033455 0.998754 0.037040 97.886955 -0.016705 -0.036497 0.999194 0.769064 0.000000 0.000000 0.000000 1.000000
0.999181 -0.036536 0.017419 -9.240757 0.035874 0.998675 0.036885 97.862373 -0.018744 -0.036230 0.999168 0.799332 0.000000 0.000000 0.000000 1.000000
0.999057 -0.038762 0.019577 -9.454408 0.038020 0.998594 0.036931 97.827179 -0.020981 -0.036152 0.999126 0.829030 0.000000 0.000000 0.000000 1.000000
0.998936 -0.040621 0.021827 -9.662642 0.039792 0.998516 0.037168 97.786171 -0.023305 -0.036260 0.999071 0.857942 0.000000 0.000000 0.000000 1.000000
0.998824 -0.042048 0.024141 -9.864600 0.041124 0.998448 0.037550 97.746078 -0.025683 -0.036513 0.999003 0.884659 0.000000 0.000000 0.000000 1.000000
0.998725 -0.042958 0.026510 -10.059679 0.041936 0.998398 0.037983 97.708107 -0.028099 -0.036823 0.998927 0.907100 0.000000 0.000000 0.000000 1.000000
0.998644 -0.043315 0.028879 -10.247596 0.042194 0.998373 0.038347 97.668777 -0.030493 -0.037077 0.998847 0.922994 0.000000 0.000000 0.000000 1.000000
0.998583 -0.043167 0.031131 -10.428434 0.041956 0.998376 0.038539 97.622238 -0.032744 -0.037178 0.998772 0.930644 0.000000 0.000000 0.000000 1.000000
0.998542 -0.042628 0.033106 -10.602672 0.041345 0.998402 0.038516 97.562622 -0.034695 -0.037091 0.998709 0.929455 0.000000 0.000000 0.000000 1.000000
0.998524 -0.041840 0.034644 -10.770922 0.040507 0.998444 0.038314 97.486115 -0.036194 -0.036854 0.998665 0.919517 0.000000 0.000000 0.000000 1.000000
0.998526 -0.040918 0.035647 -10.933583 0.039559 0.998493 0.038028 97.392715 -0.037149 -0.036562 0.998641 0.901588 0.000000 0.000000 0.000000 1.000000
0.998549 -0.039924 0.036126 -11.090812 0.038557 0.998542 0.037771 97.286591 -0.037581 -0.036323 0.998633 0.877098 0.000000 0.000000 0.000000 1.000000
0.998588 -0.038864 0.036210 -11.242626 0.037499 0.998588 0.037633 97.174461 -0.037622 -0.036222 0.998635 0.848456 0.000000 0.000000 0.000000 1.000000
0.998636 -0.037713 0.036096 -11.388471 0.036351 0.998629 0.037679 97.061913 -0.037468 -0.036316 0.998638 0.819113 0.000000 0.000000 0.000000 1.000000
0.998687 -0.036463 0.035983 -11.526981 0.035095 0.998663 0.037944 96.950089 -0.037318 -0.036632 0.998632 0.792638 0.000000 0.000000 0.000000 1.000000
0.998733 -0.035146 0.036022 -11.657296 0.033759 0.998691 0.038419 96.834785 -0.037326 -0.037154 0.998612 0.771068 0.000000 0.000000 0.000000 1.000000
0.998768 -0.033836 0.036294 -11.782307 0.032415 0.998712 0.039044 96.710342 -0.037569 -0.037820 0.998578 0.753694 0.000000 0.000000 0.000000 1.000000
0.998790 -0.032613 0.036801 -11.905807 0.031146 0.998724 0.039743 96.575333 -0.038050 -0.038549 0.998532 0.737567 0.000000 0.000000 0.000000 1.000000
0.998799 -0.031532 0.037494 -12.020975 0.030011 0.998730 0.040461 96.436615 -0.038723 -0.039287 0.998477 0.719462 0.000000 0.000000 0.000000 1.000000
0.998798 -0.030598 0.038303 -12.104164 0.029017 0.998730 0.041184 96.307716 -0.039514 -0.040023 0.998417 0.697832 0.000000 0.000000 0.000000 1.000000
0.998790 -0.029785 0.039140 -12.134889 0.028141 0.998725 0.041918 96.204086 -0.040338 -0.040766 0.998354 0.673473 0.000000 0.000000 0.000000 1.000000
0.998781 -0.029064 0.039905 -12.118775 0.027357 0.998715 0.042665 96.138084 -0.041094 -0.041522 0.998292 0.648655 0.000000 0.000000 0.000000 1.000000
0.998776 -0.028413 0.040486 -12.074585 0.026651 0.998702 0.043408 96.115898 -0.041667 -0.042276 0.998237 0.625662 0.000000 0.000000 0.000000 1.000000
0.998781 -0.027810 0.040782 -12.011532 0.026006 0.998689 0.044101 96.136650 -0.041955 -0.042987 0.998194 0.605717 0.000000 0.000000 0.000000 1.000000
0.998799 -0.027212 0.040754 -11.928509 0.025386 0.998679 0.044672 96.191261 -0.041916 -0.043584 0.998170 0.588775 0.000000 0.000000 0.000000 1.000000
0.998829 -0.026550 0.040451 -11.823625 0.024722 0.998679 0.045040 96.263138 -0.041594 -0.043987 0.998166 0.573930 0.000000 0.000000 0.000000 1.000000
0.998869 -0.025748 0.039982 -11.697834 0.023937 0.998695 0.045120 96.333565 -0.041092 -0.044112 0.998181 0.559744 0.000000 0.000000 0.000000 1.000000
0.998915 -0.024763 0.039439 -11.553282 0.022989 0.998730 0.044828 96.390900 -0.040499 -0.043872 0.998216 0.544362 0.000000 0.000000 0.000000 1.000000
0.998965 -0.023646 0.038844 -11.391680 0.021929 0.998788 0.044061 96.437119 -0.039839 -0.043163 0.998273 0.525309 0.000000 0.000000 0.000000 1.000000
0.999017 -0.022541 0.038159 -11.214799 0.020907 0.998869 0.042699 96.485458 -0.039079 -0.041859 0.998359 0.499575 0.000000 0.000000 0.000000 1.000000
0.999068 -0.021623 0.037349 -11.024680 0.020101 0.998971 0.040661 96.551155 -0.038189 -0.039873 0.998475 0.464402 0.000000 0.000000 0.000000 1.000000
0.999116 -0.021000 0.036421 -10.823174 0.019614 0.999085 0.038006 96.641975 -0.037186 -0.037258 0.998614 0.418915 0.000000 0.000000 0.000000 1.000000
0.999160 -0.020647 0.035403 -10.611490 0.019408 0.999200 0.034978 96.753822 -0.036097 -0.034261 0.998761 0.365458 0.000000 0.000000 0.000000 1.000000
0.999204 -0.020423 0.034262 -10.390143 0.019330 0.999303 0.031936 96.874062 -0.034890 -0.031249 0.998902 0.309149 0.000000 0.000000 0.000000 1.000000
0.999256 -0.020167 0.032877 -10.159529 0.019209 0.999389 0.029190 96.989189 -0.033446 -0.028536 0.999033 0.255449 0.000000 0.000000 0.000000 1.000000
0.999320 -0.019789 0.031108 -9.920506 0.018955 0.999459 0.026865 97.075699 -0.031623 -0.026257 0.999155 0.207510 0.000000 0.000000 0.000000 1.000000
0.999396 -0.019262 0.028908 -9.674176 0.018544 0.999518 0.024909 97.149231 -0.029374 -0.024358 0.999272 0.165418 0.000000 0.000000 0.000000 1.000000
0.999477 -0.018658 0.026395 -9.421933 0.018048 0.999568 0.023182 97.212646 -0.026817 -0.022694 0.999383 0.127463 0.000000 0.000000 0.000000 1.000000
0.999553 -0.018018 0.023840 -9.165391 0.017505 0.999614 0.021567 97.267441 -0.024220 -0.021140 0.999483 0.092073 0.000000 0.000000 0.000000 1.000000
0.999616 -0.017393 0.021571 -8.905909 0.016961 0.999656 0.020025 97.315926 -0.021912 -0.019651 0.999567 0.058599 0.000000 0.000000 0.000000 1.000000
0.999662 -0.016792 0.019865 -8.644672 0.016424 0.999692 0.018590 97.360710 -0.020171 -0.018258 0.999630 0.027405 0.000000 0.000000 0.000000 1.000000
0.999691 -0.016189 0.018866 -8.382845 0.015863 0.999725 0.017282 97.406189 -0.019141 -0.016977 0.999673 -0.001136 0.000000 0.000000 0.000000 1.000000
0.999707 -0.015561 0.018559 -8.121895 0.015265 0.999755 0.016000 97.458977 -0.018804 -0.015712 0.999700 -0.027840 0.000000 0.000000 0.000000 1.000000
0.999712 -0.014912 0.018786 -7.863199 0.014640 0.999787 0.014540 97.525734 -0.018999 -0.014261 0.999718 -0.054483 0.000000 0.000000 0.000000 1.000000
0.999713 -0.014227 0.019296 -7.607324 0.013982 0.999821 0.012732 97.609100 -0.019474 -0.012458 0.999733 -0.081940 0.000000 0.000000 0.000000 1.000000
0.999713 -0.013418 0.019839 -7.353541 0.013210 0.999857 0.010598 97.705276 -0.019979 -0.010333 0.999747 -0.108282 0.000000 0.000000 0.000000 1.000000
0.999717 -0.012380 0.020292 -7.100454 0.012212 0.999890 0.008372 97.804581 -0.020394 -0.008122 0.999759 -0.128729 0.000000 0.000000 0.000000 1.000000
0.999724 -0.011117 0.020720 -6.847216 0.010988 0.999919 0.006354 97.894363 -0.020789 -0.006125 0.999765 -0.137697 0.000000 0.000000 0.000000 1.000000
0.999725 -0.009798 0.021306 -6.594044 0.009700 0.999942 0.004724 97.962845 -0.021351 -0.004516 0.999762 -0.131297 0.000000 0.000000 0.000000 1.000000
0.999717 -0.008644 0.022157 -6.341453 0.008569 0.999957 0.003442 98.004135 -0.022186 -0.003251 0.999749 -0.108881 0.000000 0.000000 0.000000 1.000000
0.999702 -0.007741 0.023156 -6.089218 0.007689 0.999968 0.002311 98.020920 -0.023173 -0.002133 0.999729 -0.072933 0.000000 0.000000 0.000000 1.000000
0.999688 -0.006951 0.023996 -5.835837 0.006925 0.999975 0.001151 98.023132 -0.024004 -0.000984 0.999711 -0.027426 0.000000 0.000000 0.000000 1.000000
0.999685 -0.005999 0.024384 -5.579039 0.006002 0.999982 -0.000034 98.023071 -0.024383 0.000181 0.999703 0.024389 0.000000 0.000000 0.000000 1.000000
0.999696 -0.004665 0.024198 -5.316816 0.004692 0.999988 -0.001037 98.031136 -0.024193 0.001150 0.999707 0.080608 0.000000 0.000000 0.000000 1.000000
0.999719 -0.002926 0.023519 -5.048251 0.002965 0.999994 -0.001599 98.054749 -0.023514 0.001668 0.999722 0.139639 0.000000 0.000000 0.000000 1.000000
0.999746 -0.000955 0.022537 -4.773480 0.000991 0.999998 -0.001581 98.096878 -0.022536 0.001603 0.999745 0.199077 0.000000 0.000000 0.000000 1.000000
0.999770 0.000997 0.021438 -4.493042 -0.000975 0.999999 -0.001033 98.153847 -0.021439 0.001012 0.999770 0.255724 0.000000 0.000000 0.000000 1.000000
0.999790 0.002757 0.020305 -4.207203 -0.002755 0.999996 -0.000140 98.216072 -0.020305 0.000084 0.999794 0.306416 0.000000 0.000000 0.000000 1.000000
0.999808 0.004328 0.019099 -3.915197 -0.004346 0.999990 0.000891 98.272438 -0.019095 -0.000974 0.999817 0.348948 0.000000 0.000000 0.000000 1.000000
0.999826 0.005853 0.017718 -3.615526 -0.005888 0.999981 0.001912 98.316414 -0.017707 -0.002016 0.999841 0.382098 0.000000 0.000000 0.000000 1.000000
0.999843 0.007482 0.016080 -3.306552 -0.007529 0.999968 0.002827 98.349167 -0.016058 -0.002948 0.999867 0.405058 0.000000 0.000000 0.000000 1.000000
0.999857 0.009283 0.014138 -2.987220 -0.009334 0.999950 0.003566 98.376144 -0.014105 -0.003697 0.999894 0.417211 0.000000 0.000000 0.000000 1.000000
0.999867 0.011249 0.011845 -2.656893 -0.011298 0.999928 0.004123 98.401421 -0.011797 -0.004256 0.999921 0.418509 0.000000 0.000000 0.000000 1.000000
0.999869 0.013344 0.009120 -2.315164 -0.013386 0.999900 0.004592 98.424316 -0.009058 -0.004713 0.999948 0.409176 0.000000 0.000000 0.000000 1.000000
0.999863 0.015482 0.005904 -1.961245 -0.015512 0.999867 0.005127 98.440475 -0.005823 -0.005218 0.999969 0.388962 0.000000 0.000000 0.000000 1.000000
0.999844 0.017533 0.002212 -1.594718 -0.017546 0.999829 0.005873 98.445023 -0.002109 -0.005911 0.999980 0.356843 0.000000 0.000000 0.000000 1.000000
0.999810 0.019393 -0.001844 -1.215859 -0.019379 0.999788 0.006925 98.434853 0.001978 -0.006888 0.999974 0.311973 0.000000 0.000000 0.000000 1.000000
0.999760 0.021039 -0.006098 -0.825240 -0.020988 0.999745 0.008304 98.409737 0.006271 -0.008174 0.999947 0.255264 0.000000 0.000000 0.000000 1.000000
0.999692 0.022545 -0.010377 -0.424657 -0.022441 0.999698 0.009969 98.370834 0.010599 -0.009734 0.999896 0.189203 0.000000 0.000000 0.000000 1.000000
0.999606 0.024003 -0.014540 -0.016291 -0.023832 0.999646 0.011829 98.319740 0.014819 -0.011478 0.999824 0.116751 0.000000 0.000000 0.000000 1.000000
0.999504 0.025470 -0.018500 0.397605 -0.025218 0.999587 0.013748 98.257980 0.018842 -0.013275 0.999734 0.039409 0.000000 0.000000 0.000000 1.000000
0.999389 0.026958 -0.022241 0.814723 -0.026615 0.999525 0.015565 98.187355 0.022650 -0.014963 0.999631 -0.043443 0.000000 0.000000 0.000000 1.000000
0.999261 0.028473 -0.025834 1.232677 -0.028035 0.999460 0.017144 98.110382 0.026309 -0.016407 0.999519 -0.133680 0.000000 0.000000 0.000000 1.000000
0.999115 0.030068 -0.029407 1.649250 -0.029533 0.999394 0.018440 98.030212 0.029944 -0.017556 0.999397 -0.232075 0.000000 0.000000 0.000000 1.000000
0.998946 0.031832 -0.033058 2.062224 -0.031198 0.999323 0.019517 97.948997 0.033657 -0.018465 0.999263 -0.337288 0.000000 0.000000 0.000000 1.000000
0.998751 0.033828 -0.036767 2.469603 -0.033090 0.999242 0.020503 97.866600 0.037433 -0.019261 0.999113 -0.446297 0.000000 0.000000 0.000000 1.000000
0.998533 0.036057 -0.040392 2.868876 -0.035208 0.999148 0.021539 97.779686 0.041134 -0.020085 0.998952 -0.556068 0.000000 0.000000 0.000000 1.000000
0.998300 0.038475 -0.043782 3.257221 -0.037507 0.999038 0.022722 97.682632 0.044614 -0.021041 0.998783 -0.664446 0.000000 0.000000 0.000000 1.000000
0.998056 0.041027 -0.046918 3.631732 -0.039929 0.998912 0.024099 97.569153 0.047856 -0.022178 0.998608 -0.770161 0.000000 0.000000 0.000000 1.000000
0.997797 0.043641 -0.049967 3.989489 -0.042398 0.998771 0.025674 97.435387 0.051026 -0.023499 0.998421 -0.871949 0.000000 0.000000 0.000000 1.000000
0.997514 0.046213 -0.053191 4.327375 -0.044802 0.998619 0.027425 97.283737 0.054385 -0.024974 0.998208 -0.968619 0.000000 0.000000 0.000000 1.000000
0.997202 0.048609 -0.056788 4.642228 -0.047002 0.998465 0.029294 97.125496 0.058125 -0.026542 0.997956 -1.059484 0.000000 0.000000 0.000000 1.000000
0.996865 0.050698 -0.060745 4.930903 -0.048871 0.998318 0.031200 96.966133 0.062225 -0.028134 0.997666 -1.143996 0.000000 0.000000 0.000000 1.000000
0.996520 0.052420 -0.064810 5.190629 -0.050357 0.998184 0.033062 96.820328 0.066425 -0.029683 0.997350 -1.220928 0.000000 0.000000 0.000000 1.000000
0.996194 0.053777 -0.068591 5.419028 -0.051482 0.998067 0.034803 96.708160 0.070330 -0.031140 0.997038 -1.287975 0.000000 0.000000 0.000000 1.000000
0.995919 0.054777 -0.071730 5.613776 -0.052272 0.997971 0.036347 96.622017 0.073576 -0.032449 0.996762 -1.342205 0.000000 0.000000 0.000000 1.000000
0.995716 0.055414 -0.074021 5.772529 -0.052740 0.997900 0.037606 96.549370 0.075950 -0.033541 0.996547 -1.381350 0.000000 0.000000 0.000000 1.000000
0.995594 0.055659 -0.075458 5.892708 -0.052869 0.997860 0.038481 96.482056 0.077438 -0.034322 0.996406 -1.405066 0.000000 0.000000 0.000000 1.000000
0.995548 0.055486 -0.076190 5.970942 -0.052638 0.997856 0.038893 96.420830 0.078185 -0.034709 0.996334 -1.415448 0.000000 0.000000 0.000000 1.000000
0.995561 0.054909 -0.076436 6.003774 -0.052057 0.997889 0.038818 96.373238 0.078406 -0.034667 0.996319 -1.416193 0.000000 0.000000 0.000000 1.000000
0.995617 0.053987 -0.076368 5.989095 -0.051175 0.997954 0.038314 96.348549 0.078280 -0.034238 0.996343 -1.411096 0.000000 0.000000 0.000000 1.000000
0.995706 0.052791 -0.076045 5.927333 -0.050050 0.998042 0.037511 96.353691 0.077876 -0.033544 0.996399 -1.402736 0.000000 0.000000 0.000000 1.000000
0.995828 0.051362 -0.075422 5.820954 -0.048712 0.998143 0.036566 96.390953 0.077160 -0.032739 0.996481 -1.392105 0.000000 0.000000 0.000000 1.000000
0.995988 0.049690 -0.074420 5.672918 -0.047143 0.998253 0.035602 96.458054 0.076059 -0.031951 0.996591 -1.378886 0.000000 0.000000 0.000000 1.000000
0.996189 0.047733 -0.073001 5.485802 -0.045296 0.998372 0.034672 96.549530 0.074537 -0.031233 0.996729 -1.362154 0.000000 0.000000 0.000000 1.000000
0.996426 0.045474 -0.071191 5.261902 -0.043156 0.998498 0.033764 96.658836 0.072619 -0.030571 0.996891 -1.340982 0.000000 0.000000 0.000000 1.000000
0.996687 0.042978 -0.069057 5.003948 -0.040788 0.998628 0.032828 96.778809 0.070373 -0.029902 0.997072 -1.314998 0.000000 0.000000 0.000000 1.000000
0.996954 0.040397 -0.066717 4.715336 -0.038342 0.998758 0.031804 96.901062 0.067919 -0.029149 0.997265 -1.284602 0.000000 0.000000 0.000000 1.000000
0.997207 0.037900 -0.064356 4.399542 -0.035986 0.998882 0.030655 97.016830 0.065446 -0.028254 0.997456 -1.250675 0.000000 0.000000 0.000000 1.000000
0.997428 0.035605 -0.062211 4.059775 -0.033828 0.998995 0.029398 97.118805 0.063195 -0.027218 0.997630 -1.213673 0.000000 0.000000 0.000000 1.000000
0.997605 0.033524 -0.060498 3.698496 -0.031870 0.999097 0.028102 97.202675 0.061385 -0.026107 0.997773 -1.172899 0.000000 0.000000 0.000000 1.000000
0.997738 0.031599 -0.059341 3.317801 -0.030048 0.999188 0.026856 97.268425 0.060141 -0.025012 0.997876 -1.126702 0.000000 0.000000 0.000000 1.000000
0.997831 0.029760 -0.058722 2.919931 -0.028290 0.999269 0.025707 97.321304 0.059444 -0.023990 0.997943 -1.073717 0.000000 0.000000 0.000000 1.000000
0.997897 0.027953 -0.058475 2.507250 -0.026548 0.999343 0.024661 97.371330 0.059126 -0.023057 0.997984 -1.013955 0.000000 0.000000 0.000000 1.000000
0.997955 0.026123 -0.058331 2.082257 -0.024774 0.999411 0.023726 97.429085 0.058917 -0.022232 0.998015 -0.948913 0.000000 0.000000 0.000000 1.000000
0.998023 0.024189 -0.058010 1.647241 -0.022890 0.999475 0.022942 97.500320 0.058534 -0.021568 0.998052 -0.881021 0.000000 0.000000 0.000000 1.000000
0.998111 0.022077 -0.057327 1.204580 -0.020823 0.999533 0.022372 97.582047 0.057794 -0.021136 0.998105 -0.812906 0.000000 0.000000 0.000000 1.000000
0.998221 0.019768 -0.056254 0.756676 -0.018552 0.999584 0.022067 97.662643 0.056667 -0.020984 0.998173 -0.746563 0.000000 0.000000 0.000000 1.000000
0.998341 0.017327 -0.054910 0.306275 -0.016137 0.999627 0.022037 97.728073 0.055271 -0.021114 0.998248 -0.682660 0.000000 0.000000 0.000000 1.000000
0.998458 0.014858 -0.053479 -0.143631 -0.013685 0.999659 0.022231 97.769600 0.053791 -0.021465 0.998321 -0.620436 0.000000 0.000000 0.000000 1.000000
0.998563 0.012436 -0.052121 -0.590058 -0.011275 0.999683 0.022521 97.787392 0.052384 -0.021901 0.998387 -0.558322 0.000000 0.000000 0.000000 1.000000
0.998654 0.010049 -0.050891 -1.030491 -0.008901 0.999702 0.022736 97.788475 0.051104 -0.022253 0.998445 -0.494625 0.000000 0.000000 0.000000 1.000000
0.998733 0.007633 -0.049741 -1.462873 -0.006507 0.999720 0.022751 97.783813 0.049901 -0.022398 0.998503 -0.427854 0.000000 0.000000 0.000000 1.000000
0.998807 0.005142 -0.048564 -1.885018 -0.004051 0.999738 0.022548 97.783112 0.048667 -0.022324 0.998566 -0.357035 0.000000 0.000000 0.000000 1.000000
0.998880 0.002598 -0.047244 -2.293941 -0.001550 0.999752 0.022203 97.791412 0.047290 -0.022104 0.998637 -0.282458 0.000000 0.000000 0.000000 1.000000
0.998955 0.000054 -0.045702 -2.685845 0.000944 0.999762 0.021809 97.807213 0.045692 -0.021829 0.998717 -0.206277 0.000000 0.000000 0.000000 1.000000
0.999032 -0.002467 -0.043910 -3.057974 0.003410 0.999765 0.021408 97.825661 0.043847 -0.021537 0.998806 -0.132432 0.000000 0.000000 0.000000 1.000000
0.999110 -0.005007 -0.041888 -3.411076 0.005889 0.999763 0.020972 97.843697 0.041773 -0.021200 0.998902 -0.065626 0.000000 0.000000 0.000000 1.000000
0.999183 -0.007621 -0.039696 -3.749496 0.008438 0.999755 0.020447 97.863480 0.039531 -0.020765 0.999003 -0.009826 0.000000 0.000000 0.000000 1.000000
0.999246 -0.010304 -0.037433 -4.078261 0.011051 0.999743 0.019819 97.891365 0.037219 -0.020217 0.999103 0.033015 0.000000 0.000000 0.000000 1.000000
0.999296 -0.012915 -0.035233 -4.399487 0.013596 0.999724 0.019173 97.933105 0.034976 -0.019639 0.999195 0.063408 0.000000 0.000000 0.000000 1.000000
0.999331 -0.015220 -0.033249 -4.712167 0.015847 0.999700 0.018673 97.987831 0.032955 -0.019187 0.999273 0.083730 0.000000 0.000000 0.000000 1.000000
0.999355 -0.017018 -0.031611 -5.014557 0.017607 0.999675 0.018451 98.046677 0.031287 -0.018995 0.999330 0.097111 0.000000 0.000000 0.000000 1.000000
0.999372 -0.018285 -0.030368 -5.306254 0.018852 0.999651 0.018510 98.096687 0.030019 -0.019071 0.999367 0.106190 0.000000 0.000000 0.000000 1.000000
0.999381 -0.019198 -0.029474 -5.588598 0.019755 0.999629 0.018736 98.128502 0.029104 -0.019307 0.999390 0.112492 0.000000 0.000000 0.000000 1.000000
0.999384 -0.020031 -0.028819 -5.863327 0.020584 0.999607 0.019015 98.141052 0.028427 -0.019597 0.999404 0.116377 0.000000 0.000000 0.000000 1.000000
0.999379 -0.021001 -0.028282 -6.131572 0.021552 0.999581 0.019321 98.139709 0.027864 -0.019918 0.999413 0.117095 0.000000 0.000000 0.000000 1.000000
0.999369 -0.022157 -0.027760 -6.393545 0.022708 0.999548 0.019695 98.131744 0.027311 -0.020313 0.999421 0.112665 0.000000 0.000000 0.000000 1.000000
0.999357 -0.023378 -0.027172 -6.648498 0.023930 0.999510 0.020175 98.121758 0.026687 -0.020812 0.999427 0.100052 0.000000 0.000000 0.000000 1.000000
0.999352 -0.024445 -0.026439 -6.895238 0.024997 0.999472 0.020736 98.110794 0.025918 -0.021384 0.999435 0.075810 0.000000 0.000000 0.000000 1.000000
0.999358 -0.025158 -0.025491 -7.132634 0.025704 0.999443 0.021303 98.095490 0.024940 -0.021945 0.999448 0.037540 0.000000 0.000000 0.000000 1.000000
0.999382 -0.025426 -0.024276 -7.360247 0.025957 0.999425 0.021799 98.070007 0.023708 -0.022415 0.999468 -0.014840 0.000000 0.000000 0.000000 1.000000
0.999421 -0.025293 -0.022767 -7.578352 0.025799 0.999421 0.022201 98.029587 0.022192 -0.022776 0.999494 -0.078909 0.000000 0.000000 0.000000 1.000000
0.999470 -0.024907 -0.020946 -7.787746 0.025378 0.999423 0.022567 97.973282 0.020372 -0.023086 0.999526 -0.150863 0.000000 0.000000 0.000000 1.000000
0.999524 -0.024447 -0.018803 -7.989427 0.024877 0.999426 0.022996 97.905075 0.018230 -0.023453 0.999559 -0.227091 0.000000 0.000000 0.000000 1.000000
0.999577 -0.024053 -0.016351 -8.184166 0.024435 0.999423 0.023573 97.832001 0.015774 -0.023963 0.999588 -0.305017 0.000000 0.000000 0.000000 1.000000
0.999625 -0.023759 -0.013635 -8.372176 0.024085 0.999414 0.024304 97.760612 0.013049 -0.024623 0.999612 -0.383088 0.000000 0.000000 0.000000 1.000000
0.999667 -0.023484 -0.010708 -8.553041 0.023747 0.999403 0.025111 97.695374 0.010111 -0.025357 0.999627 -0.460272 0.000000 0.000000 0.000000 1.000000
0.999705 -0.023089 -0.007563 -8.726000 0.023278 0.999394 0.025885 97.640533 0.006961 -0.026054 0.999636 -0.535310 0.000000 0.000000 0.000000 1.000000
0.999739 -0.022463 -0.004091 -8.890370 0.022564 0.999392 0.026563 97.599907 0.003491 -0.026648 0.999639 -0.606390 0.000000 0.000000 0.000000 1.000000
0.999767 -0.021596 -0.000116 -9.046074 0.021591 0.999398 0.027167 97.572968 -0.000471 -0.027163 0.999631 -0.671323 0.000000 0.000000 0.000000 1.000000
0.999778 -0.020578 0.004504 -9.193625 0.020445 0.999405 0.027784 97.550644 -0.005073 -0.027686 0.999604 -0.728127 0.000000 0.000000 0.000000 1.000000
0.999761 -0.019555 0.009788 -9.333930 0.019269 0.999408 0.028512 97.517906 -0.010339 -0.028317 0.999546 -0.775716 0.000000 0.000000 0.000000 1.000000
0.999704 -0.018675 0.015583 -9.467921 0.018210 0.999401 0.029421 97.461975 -0.016123 -0.029128 0.999446 -0.814305 0.000000 0.000000 0.000000 1.000000
0.999604 -0.018041 0.021592 -9.596361 0.017378 0.999383 0.030525 97.380814 -0.022129 -0.030137 0.999301 -0.845381 0.000000 0.000000 0.000000 1.000000
0.999466 -0.017696 0.027480 -9.719554 0.016821 0.999354 0.031759 97.284508 -0.028025 -0.031280 0.999118 -0.871437 0.000000 0.000000 0.000000 1.000000
0.999300 -0.017620 0.033015 -9.837459 0.016530 0.999319 0.032988 97.188766 -0.033573 -0.032419 0.998910 -0.895570 0.000000 0.000000 0.000000 1.000000
0.999115 -0.017754 0.038134 -9.949692 0.016458 0.999285 0.034047 97.105896 -0.038711 -0.033389 0.998692 -0.921089 0.000000 0.000000 0.000000 1.000000
0.998916 -0.018030 0.042910 -10.055862 0.016541 0.999257 0.034818 97.039742 -0.043506 -0.034070 0.998472 -0.950766 0.000000 0.000000 0.000000 1.000000
0.998705 -0.018403 0.047436 -10.155730 0.016737 0.999237 0.035277 96.986771 -0.048049 -0.034438 0.998251 -0.985816 0.000000 0.000000 0.000000 1.000000
0.998482 -0.018868 0.051740 -10.249319 0.017043 0.999225 0.035493 96.941032 -0.052369 -0.034557 0.998030 -1.025414 0.000000 0.000000 0.000000 1.000000
0.998254 -0.019440 0.055770 -10.336790 0.017472 0.999214 0.035569 96.898987 -0.056417 -0.034532 0.997810 -1.067179 0.000000 0.000000 0.000000 1.000000
0.998030 -0.020086 0.059437 -10.418133 0.017990 0.999205 0.035586 96.860283 -0.060104 -0.034447 0.997598 -1.108153 0.000000 0.000000 0.000000 1.000000
0.997820 -0.020682 0.062676 -10.492660 0.018476 0.999197 0.035566 96.825882 -0.063361 -0.034331 0.997400 -1.145749 0.000000 0.000000 0.000000 1.000000
0.997630 -0.021045 0.065512 -10.559219 0.018749 0.999195 0.035472 96.797134 -0.066205 -0.034160 0.997221 -1.178362 0.000000 0.000000 0.000000 1.000000
0.997458 -0.021047 0.068077 -10.616921 0.018678 0.999204 0.035251 96.775475 -0.068765 -0.033890 0.997057 -1.204899 0.000000 0.000000 0.000000 1.000000
0.997293 -0.020694 0.070560 -10.665903 0.018266 0.999225 0.034875 96.763023 -0.071227 -0.033492 0.996898 -1.223739 0.000000 0.000000 0.000000 1.000000
0.997122 -0.020134 0.073098 -10.707455 0.017658 0.999253 0.034361 96.762436 -0.073735 -0.032972 0.996733 -1.232307 0.000000 0.000000 0.000000 1.000000
0.996938 -0.019561 0.075704 -10.742589 0.017044 0.999285 0.033750 96.775864 -0.076310 -0.032357 0.996559 -1.227714 0.000000 0.000000 0.000000 1.000000
