<?xml version="1.0" encoding="utf-8"?>
<COLLADA xmlns="http://www.collada.org/2005/11/COLLADASchema" version="1.4.1">
  <asset>
    <contributor>
      <author>Mixamo</author>
      <authoring_tool>COLLADA Mixamo exporter</authoring_tool>
      <comments/>
    </contributor>
    <created>2025-06-01T05:08:13Z</created>
    <modified>2025-06-01T05:08:13Z</modified>
    <revision/>
    <title/>
    <unit meter="0.010000"/>
    <up_axis>Y_UP</up_axis>
  </asset>
  <library_animations>
    <animation id="mixamorig12_Hips-anim" name="mixamorig12_Hips">
      <source id="mixamorig12_Hips-Matrix-animation-input">
        <float_array id="mixamorig12_Hips-Matrix-animation-input-array" count="36">

0.000000 0.033333 0.066667 0.100000 0.133333 0.166667 0.200000 0.233333 0.266667 0.300000 0.333333 0.366667 0.400000 0.433333 0.466667 0.500000
0.533333 0.566667 0.600000 0.633333 0.666667 0.700000 0.733333 0.766667 0.800000 0.833333 0.866667 0.900000 0.933333 0.966667 1.000000 1.033333
1.066667 1.100000 1.133333 1.166667</float_array>
        <technique_common>
          <accessor source="#mixamorig12_Hips-Matrix-animation-input-array" count="36">
            <param name="TIME" type="float"/>
          </accessor>
        </technique_common>
      </source>
      <source id="mixamorig12_Hips-Matrix-animation-output-transform">
        <float_array id="mixamorig12_Hips-Matrix-animation-output-transform-array" count="576">

0.886926 0.042502 -0.459952 -0.064705 0.058357 0.977469 0.202853 89.083054 0.458210 -0.206757 0.864462 -0.321746 0.000000 0.000000 0.000000 1.000000
0.887098 0.042666 -0.459605 -0.070706 0.058082 0.977486 0.202849 89.085251 0.457913 -0.206641 0.864648 -0.315964 0.000000 0.000000 0.000000 1.000000
0.887332 0.042697 -0.459150 -0.076411 0.057958 0.977482 0.202903 89.086052 0.457475 -0.206653 0.864877 -0.314371 0.000000 0.000000 0.000000 1.000000
0.887524 0.042642 -0.458784 -0.079279 0.057911 0.977489 0.202884 89.086540 0.457108 -0.206633 0.865075 -0.319561 0.000000 0.000000 0.000000 1.000000
0.887586 0.042467 -0.458681 -0.078253 0.057887 0.977565 0.202525 89.090691 0.456991 -0.206310 0.865214 -0.332967 0.000000 0.000000 0.000000 1.000000
0.887488 0.041873 -0.458924 -0.075895 0.058243 0.977685 0.201840 89.103867 0.457135 -0.205860 0.865246 -0.348707 0.000000 0.000000 0.000000 1.000000
0.887199 0.040535 -0.459604 -0.075108 0.059837 0.977612 0.201728 89.127243 0.457491 -0.206474 0.864911 -0.348748 0.000000 0.000000 0.000000 1.000000
0.886367 0.038827 -0.461352 -0.074754 0.063279 0.976966 0.203796 89.148895 0.458638 -0.209832 0.863494 -0.302438 0.000000 0.000000 0.000000 1.000000
0.884250 0.038175 -0.465451 -0.074036 0.067824 0.975590 0.208866 89.145767 0.462063 -0.216258 0.860076 -0.173306 0.000000 0.000000 0.000000 1.000000
0.880676 0.039504 -0.472070 -0.080933 0.071918 0.973817 0.215658 89.103348 0.468229 -0.223875 0.854776 0.062805 0.000000 0.000000 0.000000 1.000000
0.877155 0.041256 -0.478433 -0.107790 0.075424 0.972101 0.222107 89.025032 0.474248 -0.230908 0.849571 0.381421 0.000000 0.000000 0.000000 1.000000
0.875718 0.041201 -0.481063 -0.157764 0.079696 0.970351 0.228184 88.913002 0.476201 -0.238163 0.846470 0.683944 0.000000 0.000000 0.000000 1.000000
0.876535 0.039826 -0.479687 -0.213521 0.084948 0.968129 0.235605 88.754990 0.473782 -0.247265 0.845216 0.841186 0.000000 0.000000 0.000000 1.000000
0.878308 0.039055 -0.476497 -0.244603 0.089756 0.965467 0.244576 88.547684 0.469594 -0.257582 0.844472 0.785154 0.000000 0.000000 0.000000 1.000000
0.880231 0.038872 -0.472950 -0.237459 0.093224 0.963054 0.252657 88.328018 0.465298 -0.266487 0.844087 0.553105 0.000000 0.000000 0.000000 1.000000
0.881868 0.038351 -0.469933 -0.206078 0.095061 0.961757 0.256878 88.158577 0.461813 -0.271205 0.844498 0.243808 0.000000 0.000000 0.000000 1.000000
0.882680 0.038143 -0.468424 -0.164782 0.094700 0.961822 0.256769 88.077957 0.460334 -0.271005 0.845369 -0.057384 0.000000 0.000000 0.000000 1.000000
0.882754 0.039224 -0.468195 -0.109408 0.092252 0.962641 0.254583 88.079353 0.460689 -0.267927 0.846157 -0.315330 0.000000 0.000000 0.000000 1.000000
0.882671 0.041240 -0.468179 -0.029170 0.088691 0.963630 0.252095 88.137352 0.461547 -0.264040 0.846910 -0.527144 0.000000 0.000000 0.000000 1.000000
0.882435 0.043355 -0.468432 0.075416 0.084574 0.964900 0.248626 88.231277 0.462769 -0.259013 0.847795 -0.688910 0.000000 0.000000 0.000000 1.000000
0.881548 0.045187 -0.469926 0.193134 0.080029 0.966698 0.243085 88.341164 0.465261 -0.251899 0.848575 -0.792179 0.000000 0.000000 0.000000 1.000000
0.880052 0.046648 -0.472581 0.314354 0.075482 0.968770 0.236192 88.446098 0.468840 -0.243532 0.849047 -0.838182 0.000000 0.000000 0.000000 1.000000
0.878731 0.047644 -0.474934 0.433446 0.071609 0.970586 0.229858 88.531876 0.471916 -0.235993 0.849472 -0.839068 0.000000 0.000000 0.000000 1.000000
0.878259 0.047970 -0.475772 0.542410 0.068962 0.971848 0.225290 88.594307 0.473186 -0.230673 0.850227 -0.812432 0.000000 0.000000 0.000000 1.000000
0.878652 0.047590 -0.475086 0.627731 0.067416 0.972686 0.222119 88.639557 0.472680 -0.227194 0.851444 -0.774616 0.000000 0.000000 0.000000 1.000000
0.879549 0.046729 -0.473508 0.675917 0.066333 0.973406 0.219275 88.680443 0.471162 -0.224272 0.853058 -0.731875 0.000000 0.000000 0.000000 1.000000
0.880668 0.045709 -0.471523 0.683143 0.065264 0.974138 0.216325 88.726898 0.469216 -0.221284 0.854909 -0.682720 0.000000 0.000000 0.000000 1.000000
0.881902 0.044882 -0.469291 0.657267 0.064042 0.974824 0.213579 88.780228 0.467062 -0.218410 0.856825 -0.628858 0.000000 0.000000 0.000000 1.000000
0.883078 0.044482 -0.467113 0.607275 0.062595 0.975432 0.211223 88.837654 0.465032 -0.215765 0.858598 -0.577150 0.000000 0.000000 0.000000 1.000000
0.883914 0.044390 -0.465537 0.536515 0.061078 0.975999 0.209032 88.895683 0.463643 -0.213201 0.859989 -0.531632 0.000000 0.000000 0.000000 1.000000
0.884380 0.044187 -0.464672 0.449289 0.059937 0.976517 0.206934 88.949921 0.462904 -0.210859 0.860963 -0.489650 0.000000 0.000000 0.000000 1.000000
0.884749 0.043707 -0.464014 0.352533 0.059377 0.976910 0.205234 88.996590 0.462270 -0.209132 0.861725 -0.449262 0.000000 0.000000 0.000000 1.000000
0.885266 0.043217 -0.463073 0.249493 0.059085 0.977155 0.204148 89.032631 0.461317 -0.208086 0.862489 -0.414858 0.000000 0.000000 0.000000 1.000000
0.885926 0.042889 -0.461840 0.141702 0.058804 0.977296 0.203556 89.056877 0.460085 -0.207493 0.863289 -0.387777 0.000000 0.000000 0.000000 1.000000
0.886530 0.042678 -0.460698 0.034535 0.058527 0.977393 0.203167 89.072388 0.458954 -0.207077 0.863991 -0.359741 0.000000 0.000000 0.000000 1.000000
0.886926 0.042502 -0.459952 -0.064705 0.058357 0.977469 0.202853 89.083054 0.458210 -0.206757 0.864462 -0.321746 0.000000 0.000000 0.000000 1.000000</float_array>
        <technique_common>
          <accessor source="#mixamorig12_Hips-Matrix-animation-output-transform-array" count="36" stride="16">
            <param type="float4x4"/>
          </accessor>
        </technique_common>
      </source>
      <source id="mixamorig12_Hips-Interpolations">
        <Name_array id="mixamorig12_Hips-Interpolations-array" count="36">
 LINEAR LINEAR LINEAR LINEAR LINEAR LINEAR LINEAR LINEAR LINEAR LINEAR LINEAR
LINEAR LINEAR LINEAR LINEAR LINEAR LINEAR LINEAR LINEAR LINEAR LINEAR LINEAR LINEAR
LINEAR LINEAR LINEAR LINEAR LINEAR LINEAR LINEAR LINEAR LINEAR LINEAR LINEAR LINEAR
LINEAR</Name_array>
        <technique_common>
          <accessor source="#mixamorig12_Hips-Interpolations-array" count="36">
            <param type="name"/>
          </accessor>
        </technique_common>
      </source>
      <sampler id="mixamorig12_Hips-Matrix-animation-transform">
        <input semantic="INPUT" source="#mixamorig12_Hips-Matrix-animation-input"/>
        <input semantic="OUTPUT" source="#mixamorig12_Hips-Matrix-animation-output-transform"/>
        <input semantic="INTERPOLATION" source="#mixamorig12_Hips-Interpolations"/>
      </sampler>
      <channel source="#mixamorig12_Hips-Matrix-animation-transform" target="mixamorig12_Hips/matrix"/>
    </animation>
    <animation id="mixamorig12_Spine-anim" name="mixamorig12_Spine">
      <source id="mixamorig12_Spine-Matrix-animation-input">
        <float_array id="mixamorig12_Spine-Matrix-animation-input-array" count="36">

0.000000 0.033333 0.066667 0.100000 0.133333 0.166667 0.200000 0.233333 0.266667 0.300000 0.333333 0.366667 0.400000 0.433333 0.466667 0.500000
0.533333 0.566667 0.600000 0.633333 0.666667 0.700000 0.733333 0.766667 0.800000 0.833333 0.866667 0.900000 0.933333 0.966667 1.000000 1.033333
1.066667 1.100000 1.133333 1.166667</float_array>
        <technique_common>
          <accessor source="#mixamorig12_Spine-Matrix-animation-input-array" count="36">
            <param name="TIME" type="float"/>
          </accessor>
        </technique_common>
      </source>
      <source id="mixamorig12_Spine-Matrix-animation-output-transform">
        <float_array id="mixamorig12_Spine-Matrix-animation-output-transform-array" count="576">

0.999161 0.021656 0.034757 0.000000 -0.019596 0.998092 -0.058556 10.052400 -0.035959 0.057826 0.997679 -1.105100 0.000000 0.000000 0.000000 1.000000
0.999160 0.021666 0.034770 -0.000000 -0.019607 0.998094 -0.058507 10.052400 -0.035972 0.057776 0.997681 -1.105100 0.000000 0.000000 0.000000 1.000000
0.999162 0.021668 0.034738 0.000000 -0.019612 0.998095 -0.058490 10.052400 -0.035939 0.057760 0.997683 -1.105100 0.000000 0.000000 0.000000 1.000000
0.999164 0.021687 0.034657 0.000000 -0.019635 0.998095 -0.058493 10.052400 -0.035860 0.057764 0.997686 -1.105100 0.000000 0.000000 0.000000 1.000000
0.999164 0.021705 0.034630 0.000000 -0.019656 0.998096 -0.058462 10.052400 -0.035833 0.057733 0.997689 -1.105100 0.000000 0.000000 0.000000 1.000000
0.999158 0.021689 0.034822 0.000000 -0.019632 0.998103 -0.058352 10.052400 -0.036022 0.057620 0.997689 -1.105100 0.000000 0.000000 0.000000 1.000000
0.999146 0.021666 0.035187 0.000000 -0.019594 0.998113 -0.058197 10.052400 -0.036382 0.057458 0.997685 -1.105100 0.000000 0.000000 0.000000 1.000000
0.999142 0.021764 0.035244 -0.000000 -0.019695 0.998122 -0.058011 10.052400 -0.036440 0.057267 0.997694 -1.105100 0.000000 0.000000 0.000000 1.000000
0.999161 0.021959 0.034564 0.000000 -0.019949 0.998149 -0.057447 10.052400 -0.035762 0.056710 0.997750 -1.105100 0.000000 0.000000 0.000000 1.000000
0.999206 0.021702 0.033404 -0.000000 -0.019818 0.998249 -0.055740 10.052400 -0.034555 0.055034 0.997886 -1.105100 0.000000 0.000000 0.000000 1.000000
0.999279 0.020250 0.032115 0.000000 -0.018543 0.998444 -0.052587 10.052400 -0.033130 0.051954 0.998100 -1.105100 0.000000 0.000000 0.000000 1.000000
0.999378 0.017749 0.030463 0.000000 -0.016239 0.998662 -0.049100 10.052400 -0.031294 0.048575 0.998329 -1.105100 0.000000 0.000000 0.000000 1.000000
0.999476 0.015433 0.028451 -0.000000 -0.014083 0.998794 -0.047040 10.052400 -0.029143 0.046614 0.998488 -1.105100 0.000000 0.000000 0.000000 1.000000
0.999535 0.014393 0.026868 0.000000 -0.013116 0.998803 -0.047131 10.052400 -0.027514 0.046757 0.998527 -1.105100 0.000000 0.000000 0.000000 1.000000
0.999546 0.014677 0.026319 0.000000 -0.013382 0.998724 -0.048705 10.052400 -0.027001 0.048331 0.998466 -1.105100 0.000000 0.000000 0.000000 1.000000
0.999525 0.015700 0.026535 -0.000000 -0.014343 0.998617 -0.050577 10.052400 -0.027293 0.050173 0.998368 -1.105100 0.000000 0.000000 0.000000 1.000000
0.999492 0.016976 0.026979 -0.000000 -0.015556 0.998525 -0.052020 10.052400 -0.027822 0.051573 0.998282 -1.105100 0.000000 0.000000 0.000000 1.000000
0.999455 0.018346 0.027441 0.000000 -0.016869 0.998445 -0.053126 10.052400 -0.028373 0.052634 0.998211 -1.105100 0.000000 0.000000 0.000000 1.000000
0.999416 0.019744 0.027894 0.000000 -0.018209 0.998361 -0.054252 10.052400 -0.028920 0.053712 0.998138 -1.105100 0.000000 0.000000 0.000000 1.000000
0.999380 0.020937 0.028323 0.000000 -0.019346 0.998281 -0.055328 10.052400 -0.029433 0.054745 0.998066 -1.105100 0.000000 0.000000 0.000000 1.000000
0.999350 0.021676 0.028804 0.000000 -0.020036 0.998227 -0.056053 10.052400 -0.029968 0.055439 0.998012 -1.105100 0.000000 0.000000 0.000000 1.000000
0.999325 0.021930 0.029470 0.000000 -0.020242 0.998203 -0.056408 10.052400 -0.030654 0.055773 0.997973 -1.105100 0.000000 0.000000 0.000000 1.000000
0.999301 0.021856 0.030337 -0.000000 -0.020112 0.998191 -0.056660 10.052400 -0.031520 0.056010 0.997933 -1.105100 0.000000 0.000000 0.000000 1.000000
0.999276 0.021654 0.031287 0.000000 -0.019845 0.998176 -0.057013 10.052400 -0.032465 0.056350 0.997883 -1.105100 0.000000 0.000000 0.000000 1.000000
0.999253 0.021436 0.032156 0.000000 -0.019564 0.998158 -0.057420 10.052400 -0.033328 0.056748 0.997832 -1.105100 0.000000 0.000000 0.000000 1.000000
0.999236 0.021238 0.032823 -0.000000 -0.019318 0.998145 -0.057737 10.052400 -0.033988 0.057059 0.997792 -1.105100 0.000000 0.000000 0.000000 1.000000
0.999224 0.021128 0.033245 0.000000 -0.019177 0.998136 -0.057938 10.052400 -0.034408 0.057255 0.997766 -1.105100 0.000000 0.000000 0.000000 1.000000
0.999216 0.021144 0.033459 0.000000 -0.019175 0.998126 -0.058106 10.052400 -0.034625 0.057419 0.997750 -1.105100 0.000000 0.000000 0.000000 1.000000
0.999210 0.021214 0.033591 0.000000 -0.019232 0.998116 -0.058267 10.052400 -0.034764 0.057575 0.997736 -1.105100 0.000000 0.000000 0.000000 1.000000
0.999202 0.021250 0.033806 -0.000000 -0.019253 0.998111 -0.058346 10.052400 -0.034982 0.057648 0.997724 -1.105100 0.000000 0.000000 0.000000 1.000000
0.999191 0.021274 0.034135 0.000000 -0.019258 0.998113 -0.058314 10.052400 -0.035312 0.057609 0.997715 -1.105100 0.000000 0.000000 0.000000 1.000000
0.999179 0.021332 0.034456 -0.000000 -0.019300 0.998114 -0.058269 10.052400 -0.035634 0.057556 0.997706 -1.105100 0.000000 0.000000 0.000000 1.000000
0.999170 0.021422 0.034644 0.000000 -0.019378 0.998110 -0.058314 10.052400 -0.035827 0.057594 0.997697 -1.105100 0.000000 0.000000 0.000000 1.000000
0.999166 0.021529 0.034692 0.000000 -0.019477 0.998101 -0.058440 10.052400 -0.035884 0.057716 0.997688 -1.105100 0.000000 0.000000 0.000000 1.000000
0.999164 0.021617 0.034699 -0.000000 -0.019561 0.998093 -0.058543 10.052400 -0.035898 0.057816 0.997682 -1.105100 0.000000 0.000000 0.000000 1.000000
0.999161 0.021656 0.034757 0.000000 -0.019596 0.998092 -0.058556 10.052400 -0.035959 0.057826 0.997679 -1.105100 0.000000 0.000000 0.000000 1.000000</float_array>
        <technique_common>
          <accessor source="#mixamorig12_Spine-Matrix-animation-output-transform-array" count="36" stride="16">
            <param type="float4x4"/>
          </accessor>
        </technique_common>
      </source>
      <source id="mixamorig12_Spine-Interpolations">
        <Name_array id="mixamorig12_Spine-Interpolations-array" count="36">
 LINEAR LINEAR LINEAR LINEAR LINEAR LINEAR LINEAR LINEAR LINEAR LINEAR LINEAR
LINEAR LINEAR LINEAR LINEAR LINEAR LINEAR LINEAR LINEAR LINEAR LINEAR LINEAR LINEAR
LINEAR LINEAR LINEAR LINEAR LINEAR LINEAR LINEAR LINEAR LINEAR LINEAR LINEAR LINEAR
LINEAR</Name_array>
        <technique_common>
          <accessor source="#mixamorig12_Spine-Interpolations-array" count="36">
            <param type="name"/>
          </accessor>
        </technique_common>
      </source>
      <sampler id="mixamorig12_Spine-Matrix-animation-transform">
        <input semantic="INPUT" source="#mixamorig12_Spine-Matrix-animation-input"/>
        <input semantic="OUTPUT" source="#mixamorig12_Spine-Matrix-animation-output-transform"/>
        <input semantic="INTERPOLATION" source="#mixamorig12_Spine-Interpolations"/>
      </sampler>
      <channel source="#mixamorig12_Spine-Matrix-animation-transform" target="mixamorig12_Spine/matrix"/>
    </animation>
    <animation id="mixamorig12_Spine1-anim" name="mixamorig12_Spine1">
      <source id="mixamorig12_Spine1-Matrix-animation-input">
        <float_array id="mixamorig12_Spine1-Matrix-animation-input-array" count="36">

0.000000 0.033333 0.066667 0.100000 0.133333 0.166667 0.200000 0.233333 0.266667 0.300000 0.333333 0.366667 0.400000 0.433333 0.466667 0.500000
0.533333 0.566667 0.600000 0.633333 0.666667 0.700000 0.733333 0.766667 0.800000 0.833333 0.866667 0.900000 0.933333 0.966667 1.000000 1.033333
1.066667 1.100000 1.133333 1.166667</float_array>
        <technique_common>
          <accessor source="#mixamorig12_Spine1-Matrix-animation-input-array" count="36">
            <param name="TIME" type="float"/>
          </accessor>
        </technique_common>
      </source>
      <source id="mixamorig12_Spine1-Matrix-animation-output-transform">
        <float_array id="mixamorig12_Spine1-Matrix-animation-output-transform-array" count="576">

0.996838 0.044701 0.065697 -0.000000 -0.020575 0.943771 -0.329958 11.798400 -0.076752 0.327563 0.941707 -0.000000 0.000000 0.000000 0.000000 1.000000
0.996834 0.044743 0.065725 0.000000 -0.020613 0.943803 -0.329866 11.798400 -0.076791 0.327467 0.941737 0.000000 0.000000 0.000000 0.000000 1.000000
0.996838 0.044752 0.065662 -0.000000 -0.020645 0.943813 -0.329836 11.798400 -0.076734 0.327437 0.941752 0.000000 0.000000 0.000000 0.000000 1.000000
0.996847 0.044781 0.065501 -0.000000 -0.020725 0.943808 -0.329843 11.798400 -0.076591 0.327445 0.941761 0.000000 0.000000 0.000000 0.000000 1.000000
0.996849 0.044820 0.065445 0.000000 -0.020785 0.943827 -0.329786 11.798400 -0.076549 0.327386 0.941785 0.000000 0.000000 0.000000 0.000000 1.000000
0.996824 0.044806 0.065832 -0.000000 -0.020661 0.943903 -0.329575 11.798400 -0.076905 0.327169 0.941831 -0.000000 0.000000 0.000000 0.000000 1.000000
0.996780 0.044736 0.066553 0.000000 -0.020383 0.944014 -0.329274 11.798400 -0.077557 0.326857 0.941886 -0.000000 0.000000 0.000000 0.000000 1.000000
0.996775 0.044726 0.066622 -0.000000 -0.020381 0.944140 -0.328914 11.798400 -0.077611 0.326496 0.942007 -0.000000 0.000000 0.000000 0.000000 1.000000
0.996873 0.044659 0.065195 -0.000000 -0.020872 0.944501 -0.327846 11.798400 -0.076218 0.325460 0.942479 0.000000 0.000000 0.000000 0.000000 1.000000
0.997070 0.043540 0.062892 0.000000 -0.020819 0.945622 -0.324601 11.798400 -0.073605 0.322341 0.943758 0.000000 0.000000 0.000000 0.000000 1.000000
0.997364 0.039987 0.060546 0.000000 -0.018657 0.947713 -0.318577 11.798400 -0.070119 0.316607 0.945961 -0.000000 0.000000 0.000000 0.000000 1.000000
0.997750 0.034249 0.057636 0.000000 -0.014594 0.950009 -0.311881 11.798400 -0.065436 0.310339 0.948371 0.000000 0.000000 0.000000 0.000000 1.000000
0.998129 0.028831 0.053926 0.000000 -0.010845 0.951356 -0.307904 11.798400 -0.060180 0.306743 0.949888 -0.000000 0.000000 0.000000 0.000000 1.000000
0.998366 0.026104 0.050824 0.000000 -0.009192 0.951324 -0.308056 11.798400 -0.056391 0.307085 0.950010 0.000000 0.000000 0.000000 0.000000 1.000000
0.998424 0.026298 0.049575 0.000000 -0.009586 0.950344 -0.311054 11.798400 -0.055294 0.310088 0.949098 0.000000 0.000000 0.000000 0.000000 1.000000
0.998361 0.028234 0.049775 0.000000 -0.011156 0.949149 -0.314628 11.798400 -0.056127 0.313558 0.947909 0.000000 0.000000 0.000000 0.000000 1.000000
0.998249 0.030889 0.050446 0.000000 -0.013301 0.948201 -0.317394 11.798400 -0.057637 0.316167 0.946951 0.000000 0.000000 0.000000 0.000000 1.000000
0.998114 0.033900 0.051179 0.000000 -0.015795 0.947445 -0.319530 11.798400 -0.059322 0.318119 0.946193 0.000000 0.000000 0.000000 0.000000 1.000000
0.997964 0.037068 0.051898 -0.000000 -0.018433 0.946660 -0.321706 11.798400 -0.061055 0.320094 0.945416 -0.000000 0.000000 0.000000 0.000000 1.000000
0.997819 0.039879 0.052611 0.000000 -0.020732 0.945903 -0.323785 11.798400 -0.062677 0.321988 0.944667 0.000000 0.000000 0.000000 0.000000 1.000000
0.997691 0.041813 0.053513 0.000000 -0.022179 0.945389 -0.325188 11.798400 -0.064187 0.323251 0.944134 0.000000 0.000000 0.000000 0.000000 1.000000
0.997576 0.042794 0.054863 -0.000000 -0.022622 0.945142 -0.325876 11.798400 -0.065798 0.323845 0.943819 -0.000000 0.000000 0.000000 0.000000 1.000000
0.997463 0.043098 0.056657 -0.000000 -0.022292 0.944983 -0.326359 11.798400 -0.067605 0.324268 0.943546 -0.000000 0.000000 0.000000 0.000000 1.000000
0.997351 0.043080 0.058617 -0.000000 -0.021589 0.944770 -0.327023 11.798400 -0.069468 0.324891 0.943197 0.000000 0.000000 0.000000 0.000000 1.000000
0.997250 0.042943 0.060407 -0.000000 -0.020817 0.944523 -0.327786 11.798400 -0.071132 0.325626 0.942819 0.000000 0.000000 0.000000 0.000000 1.000000
0.997172 0.042776 0.061788 -0.000000 -0.020162 0.944331 -0.328378 11.798400 -0.072395 0.326204 0.942523 0.000000 0.000000 0.000000 0.000000 1.000000
0.997119 0.042736 0.062673 -0.000000 -0.019805 0.944207 -0.328756 11.798400 -0.073226 0.326567 0.942333 0.000000 0.000000 0.000000 0.000000 1.000000
0.997082 0.042924 0.063121 0.000000 -0.019811 0.944095 -0.329077 11.798400 -0.073717 0.326867 0.942191 0.000000 0.000000 0.000000 0.000000 1.000000
0.997052 0.043222 0.063394 0.000000 -0.019979 0.943983 -0.329389 11.798400 -0.074080 0.327152 0.942064 0.000000 0.000000 0.000000 0.000000 1.000000
0.997013 0.043467 0.063836 0.000000 -0.020053 0.943927 -0.329543 11.798400 -0.074581 0.327279 0.941980 -0.000000 0.000000 0.000000 0.000000 1.000000
0.996961 0.043671 0.064503 -0.000000 -0.020031 0.943948 -0.329486 11.798400 -0.075276 0.327193 0.941954 -0.000000 0.000000 0.000000 0.000000 1.000000
0.996910 0.043901 0.065140 0.000000 -0.020046 0.943976 -0.329404 11.798400 -0.075952 0.327080 0.941939 0.000000 0.000000 0.000000 0.000000 1.000000
0.996875 0.044151 0.065505 -0.000000 -0.020156 0.943943 -0.329492 11.798400 -0.076380 0.327142 0.941883 -0.000000 0.000000 0.000000 0.000000 1.000000
0.996858 0.044405 0.065585 0.000000 -0.020350 0.943855 -0.329734 11.798400 -0.076545 0.327363 0.941793 0.000000 0.000000 0.000000 0.000000 1.000000
0.996849 0.044607 0.065586 0.000000 -0.020525 0.943781 -0.329933 11.798400 -0.076616 0.327548 0.941723 0.000000 0.000000 0.000000 0.000000 1.000000
0.996838 0.044701 0.065697 -0.000000 -0.020575 0.943771 -0.329958 11.798400 -0.076752 0.327563 0.941707 -0.000000 0.000000 0.000000 0.000000 1.000000</float_array>
        <technique_common>
          <accessor source="#mixamorig12_Spine1-Matrix-animation-output-transform-array" count="36" stride="16">
            <param type="float4x4"/>
          </accessor>
        </technique_common>
      </source>
      <source id="mixamorig12_Spine1-Interpolations">
        <Name_array id="mixamorig12_Spine1-Interpolations-array" count="36">
 LINEAR LINEAR LINEAR LINEAR LINEAR LINEAR LINEAR LINEAR LINEAR LINEAR LINEAR
LINEAR LINEAR LINEAR LINEAR LINEAR LINEAR LINEAR LINEAR LINEAR LINEAR LINEAR LINEAR
LINEAR LINEAR LINEAR LINEAR LINEAR LINEAR LINEAR LINEAR LINEAR LINEAR LINEAR LINEAR
LINEAR</Name_array>
        <technique_common>
          <accessor source="#mixamorig12_Spine1-Interpolations-array" count="36">
            <param type="name"/>
          </accessor>
        </technique_common>
      </source>
      <sampler id="mixamorig12_Spine1-Matrix-animation-transform">
        <input semantic="INPUT" source="#mixamorig12_Spine1-Matrix-animation-input"/>
        <input semantic="OUTPUT" source="#mixamorig12_Spine1-Matrix-animation-output-transform"/>
        <input semantic="INTERPOLATION" source="#mixamorig12_Spine1-Interpolations"/>
      </sampler>
      <channel source="#mixamorig12_Spine1-Matrix-animation-transform" target="mixamorig12_Spine1/matrix"/>
    </animation>
    <animation id="mixamorig12_Spine2-anim" name="mixamorig12_Spine2">
      <source id="mixamorig12_Spine2-Matrix-animation-input">
        <float_array id="mixamorig12_Spine2-Matrix-animation-input-array" count="36">

0.000000 0.033333 0.066667 0.100000 0.133333 0.166667 0.200000 0.233333 0.266667 0.300000 0.333333 0.366667 0.400000 0.433333 0.466667 0.500000
0.533333 0.566667 0.600000 0.633333 0.666667 0.700000 0.733333 0.766667 0.800000 0.833333 0.866667 0.900000 0.933333 0.966667 1.000000 1.033333
1.066667 1.100000 1.133333 1.166667</float_array>
        <technique_common>
          <accessor source="#mixamorig12_Spine2-Matrix-animation-input-array" count="36">
            <param name="TIME" type="float"/>
          </accessor>
        </technique_common>
      </source>
      <source id="mixamorig12_Spine2-Matrix-animation-output-transform">
        <float_array id="mixamorig12_Spine2-Matrix-animation-output-transform-array" count="576">

0.996838 0.044701 0.065697 0.000000 -0.020575 0.943771 -0.329958 13.483900 -0.076752 0.327563 0.941707 0.000000 0.000000 0.000000 0.000000 1.000000
0.996834 0.044742 0.065725 -0.000000 -0.020613 0.943803 -0.329866 13.483900 -0.076791 0.327467 0.941737 0.000000 0.000000 0.000000 0.000000 1.000000
0.996838 0.044752 0.065662 0.000000 -0.020645 0.943813 -0.329836 13.483900 -0.076734 0.327437 0.941752 0.000000 0.000000 0.000000 0.000000 1.000000
0.996847 0.044781 0.065501 0.000000 -0.020725 0.943808 -0.329843 13.483900 -0.076591 0.327445 0.941761 0.000000 0.000000 0.000000 0.000000 1.000000
0.996849 0.044820 0.065445 0.000000 -0.020785 0.943827 -0.329786 13.483900 -0.076549 0.327386 0.941785 -0.000000 0.000000 0.000000 0.000000 1.000000
0.996824 0.044806 0.065832 0.000000 -0.020661 0.943903 -0.329575 13.483900 -0.076905 0.327169 0.941831 0.000000 0.000000 0.000000 0.000000 1.000000
0.996780 0.044736 0.066553 0.000000 -0.020383 0.944014 -0.329274 13.483900 -0.077557 0.326857 0.941886 0.000000 0.000000 0.000000 0.000000 1.000000
0.996775 0.044726 0.066622 -0.000000 -0.020381 0.944140 -0.328914 13.483900 -0.077611 0.326496 0.942007 -0.000000 0.000000 0.000000 0.000000 1.000000
0.996873 0.044659 0.065195 0.000000 -0.020872 0.944501 -0.327846 13.483900 -0.076218 0.325460 0.942479 0.000000 0.000000 0.000000 0.000000 1.000000
0.997070 0.043540 0.062892 0.000000 -0.020819 0.945622 -0.324601 13.483900 -0.073605 0.322341 0.943758 0.000000 0.000000 0.000000 0.000000 1.000000
0.997364 0.039987 0.060546 0.000000 -0.018657 0.947713 -0.318577 13.483900 -0.070119 0.316607 0.945961 0.000000 0.000000 0.000000 0.000000 1.000000
0.997750 0.034249 0.057636 0.000000 -0.014594 0.950009 -0.311881 13.483900 -0.065436 0.310338 0.948371 -0.000000 0.000000 0.000000 0.000000 1.000000
0.998129 0.028831 0.053926 -0.000000 -0.010845 0.951356 -0.307904 13.483900 -0.060180 0.306743 0.949888 0.000000 0.000000 0.000000 0.000000 1.000000
0.998366 0.026104 0.050824 0.000000 -0.009192 0.951324 -0.308056 13.483900 -0.056391 0.307086 0.950010 0.000000 0.000000 0.000000 0.000000 1.000000
0.998424 0.026298 0.049575 0.000000 -0.009586 0.950344 -0.311054 13.483900 -0.055294 0.310088 0.949098 -0.000000 0.000000 0.000000 0.000000 1.000000
0.998361 0.028234 0.049775 0.000000 -0.011156 0.949149 -0.314629 13.483900 -0.056127 0.313558 0.947909 0.000000 0.000000 0.000000 0.000000 1.000000
0.998249 0.030889 0.050447 0.000000 -0.013301 0.948201 -0.317394 13.483900 -0.057637 0.316167 0.946951 0.000000 0.000000 0.000000 0.000000 1.000000
0.998114 0.033900 0.051179 0.000000 -0.015795 0.947445 -0.319530 13.483900 -0.059322 0.318119 0.946193 0.000000 0.000000 0.000000 0.000000 1.000000
0.997964 0.037068 0.051898 0.000000 -0.018433 0.946660 -0.321706 13.483900 -0.061055 0.320094 0.945416 0.000000 0.000000 0.000000 0.000000 1.000000
0.997819 0.039879 0.052611 -0.000000 -0.020732 0.945903 -0.323785 13.483900 -0.062677 0.321988 0.944667 0.000000 0.000000 0.000000 0.000000 1.000000
0.997691 0.041813 0.053513 0.000000 -0.022179 0.945389 -0.325188 13.483900 -0.064187 0.323250 0.944134 0.000000 0.000000 0.000000 0.000000 1.000000
0.997576 0.042794 0.054863 -0.000000 -0.022622 0.945142 -0.325876 13.483900 -0.065798 0.323845 0.943819 -0.000000 0.000000 0.000000 0.000000 1.000000
0.997463 0.043098 0.056657 0.000000 -0.022293 0.944983 -0.326359 13.483900 -0.067605 0.324268 0.943546 0.000000 0.000000 0.000000 0.000000 1.000000
0.997351 0.043080 0.058617 0.000000 -0.021589 0.944770 -0.327023 13.483900 -0.069468 0.324891 0.943197 -0.000000 0.000000 0.000000 0.000000 1.000000
0.997250 0.042943 0.060407 0.000000 -0.020817 0.944523 -0.327785 13.483900 -0.071132 0.325626 0.942819 0.000000 0.000000 0.000000 0.000000 1.000000
0.997172 0.042776 0.061789 0.000000 -0.020162 0.944331 -0.328378 13.483900 -0.072396 0.326204 0.942523 0.000000 0.000000 0.000000 0.000000 1.000000
0.997119 0.042736 0.062673 -0.000000 -0.019805 0.944207 -0.328756 13.483900 -0.073226 0.326567 0.942333 0.000000 0.000000 0.000000 0.000000 1.000000
0.997082 0.042924 0.063121 0.000000 -0.019810 0.944095 -0.329077 13.483900 -0.073717 0.326867 0.942191 0.000000 0.000000 0.000000 0.000000 1.000000
0.997052 0.043222 0.063394 0.000000 -0.019979 0.943983 -0.329389 13.483900 -0.074080 0.327152 0.942064 -0.000000 0.000000 0.000000 0.000000 1.000000
0.997013 0.043467 0.063836 0.000000 -0.020053 0.943927 -0.329543 13.483900 -0.074581 0.327279 0.941980 0.000000 0.000000 0.000000 0.000000 1.000000
0.996962 0.043671 0.064503 0.000000 -0.020031 0.943948 -0.329486 13.483900 -0.075276 0.327193 0.941954 0.000000 0.000000 0.000000 0.000000 1.000000
0.996910 0.043901 0.065140 -0.000000 -0.020046 0.943976 -0.329404 13.483900 -0.075952 0.327080 0.941939 0.000000 0.000000 0.000000 0.000000 1.000000
0.996875 0.044151 0.065505 0.000000 -0.020156 0.943943 -0.329492 13.483900 -0.076380 0.327142 0.941883 0.000000 0.000000 0.000000 0.000000 1.000000
0.996858 0.044405 0.065585 0.000000 -0.020350 0.943855 -0.329734 13.483900 -0.076545 0.327363 0.941793 0.000000 0.000000 0.000000 0.000000 1.000000
0.996849 0.044606 0.065586 0.000000 -0.020525 0.943781 -0.329933 13.483900 -0.076616 0.327548 0.941723 0.000000 0.000000 0.000000 0.000000 1.000000
0.996838 0.044701 0.065697 0.000000 -0.020575 0.943771 -0.329958 13.483900 -0.076752 0.327563 0.941707 0.000000 0.000000 0.000000 0.000000 1.000000</float_array>
        <technique_common>
          <accessor source="#mixamorig12_Spine2-Matrix-animation-output-transform-array" count="36" stride="16">
            <param type="float4x4"/>
          </accessor>
        </technique_common>
      </source>
      <source id="mixamorig12_Spine2-Interpolations">
        <Name_array id="mixamorig12_Spine2-Interpolations-array" count="36">
 LINEAR LINEAR LINEAR LINEAR LINEAR LINEAR LINEAR LINEAR LINEAR LINEAR LINEAR
LINEAR LINEAR LINEAR LINEAR LINEAR LINEAR LINEAR LINEAR LINEAR LINEAR LINEAR LINEAR
LINEAR LINEAR LINEAR LINEAR LINEAR LINEAR LINEAR LINEAR LINEAR LINEAR LINEAR LINEAR
LINEAR</Name_array>
        <technique_common>
          <accessor source="#mixamorig12_Spine2-Interpolations-array" count="36">
            <param type="name"/>
          </accessor>
        </technique_common>
      </source>
      <sampler id="mixamorig12_Spine2-Matrix-animation-transform">
        <input semantic="INPUT" source="#mixamorig12_Spine2-Matrix-animation-input"/>
        <input semantic="OUTPUT" source="#mixamorig12_Spine2-Matrix-animation-output-transform"/>
        <input semantic="INTERPOLATION" source="#mixamorig12_Spine2-Interpolations"/>
      </sampler>
      <channel source="#mixamorig12_Spine2-Matrix-animation-transform" target="mixamorig12_Spine2/matrix"/>
    </animation>
    <animation id="mixamorig12_Neck-anim" name="mixamorig12_Neck">
      <source id="mixamorig12_Neck-Matrix-animation-input">
        <float_array id="mixamorig12_Neck-Matrix-animation-input-array" count="36">

0.000000 0.033333 0.066667 0.100000 0.133333 0.166667 0.200000 0.233333 0.266667 0.300000 0.333333 0.366667 0.400000 0.433333 0.466667 0.500000
0.533333 0.566667 0.600000 0.633333 0.666667 0.700000 0.733333 0.766667 0.800000 0.833333 0.866667 0.900000 0.933333 0.966667 1.000000 1.033333
1.066667 1.100000 1.133333 1.166667</float_array>
        <technique_common>
          <accessor source="#mixamorig12_Neck-Matrix-animation-input-array" count="36">
            <param name="TIME" type="float"/>
          </accessor>
        </technique_common>
      </source>
      <source id="mixamorig12_Neck-Matrix-animation-output-transform">
        <float_array id="mixamorig12_Neck-Matrix-animation-output-transform-array" count="576">

0.999498 0.003586 0.031493 0.000000 -0.003929 0.999933 0.010866 15.169400 -0.031452 -0.010984 0.999445 -0.000000 0.000000 0.000000 0.000000 1.000000
0.999497 0.003790 0.031501 -0.000000 -0.004131 0.999933 0.010782 15.169400 -0.031458 -0.010906 0.999446 0.000000 0.000000 0.000000 0.000000 1.000000
0.999491 0.004212 0.031624 -0.000000 -0.004551 0.999933 0.010648 15.169400 -0.031577 -0.010786 0.999443 0.000000 0.000000 0.000000 0.000000 1.000000
0.999483 0.004670 0.031802 0.000000 -0.005011 0.999931 0.010669 15.169400 -0.031750 -0.010823 0.999437 0.000000 0.000000 0.000000 0.000000 1.000000
0.999479 0.004933 0.031884 -0.000000 -0.005283 0.999927 0.010907 15.169400 -0.031828 -0.011070 0.999432 0.000000 0.000000 0.000000 0.000000 1.000000
0.999479 0.005026 0.031869 0.000000 -0.005377 0.999926 0.010930 15.169400 -0.031812 -0.011096 0.999432 0.000000 0.000000 0.000000 0.000000 1.000000
0.999474 0.005419 0.031975 0.000000 -0.005744 0.999933 0.010093 15.169400 -0.031918 -0.010271 0.999438 0.000000 0.000000 0.000000 0.000000 1.000000
0.999458 0.006290 0.032324 -0.000000 -0.006574 0.999941 0.008673 15.169400 -0.032267 -0.008880 0.999440 -0.000000 0.000000 0.000000 0.000000 1.000000
0.999449 0.005934 0.032648 0.000000 -0.006207 0.999947 0.008273 15.169400 -0.032597 -0.008471 0.999433 0.000000 0.000000 0.000000 0.000000 1.000000
0.999469 0.001570 0.032556 0.000000 -0.001896 0.999948 0.009973 15.169400 -0.032538 -0.010029 0.999420 0.000000 0.000000 0.000000 0.000000 1.000000
0.999453 -0.006950 0.032337 -0.000000 0.006544 0.999899 0.012642 15.169400 -0.032422 -0.012424 0.999397 -0.000000 0.000000 0.000000 0.000000 1.000000
0.999305 -0.016978 0.033194 0.000000 0.016486 0.999751 0.015024 15.169400 -0.033441 -0.014466 0.999336 0.000000 0.000000 0.000000 0.000000 1.000000
0.999015 -0.026477 0.035598 0.000000 0.025849 0.999504 0.017968 15.169400 -0.036056 -0.017030 0.999205 0.000000 0.000000 0.000000 0.000000 1.000000
0.998687 -0.034319 0.038035 0.000000 0.033494 0.999194 0.022111 15.169400 -0.038763 -0.020808 0.999032 -0.000000 0.000000 0.000000 0.000000 1.000000
0.998511 -0.038549 0.038610 0.000000 0.037571 0.998962 0.025737 15.169400 -0.039562 -0.024248 0.998923 0.000000 0.000000 0.000000 0.000000 1.000000
0.998599 -0.037454 0.037376 -0.000000 0.036480 0.998985 0.026416 15.169400 -0.038328 -0.025015 0.998952 0.000000 0.000000 0.000000 0.000000 1.000000
0.998828 -0.032230 0.036109 -0.000000 0.031396 0.999232 0.023435 15.169400 -0.036836 -0.022274 0.999073 0.000000 0.000000 0.000000 0.000000 1.000000
0.999004 -0.026346 0.036016 0.000000 0.025700 0.999502 0.018291 15.169400 -0.036480 -0.017347 0.999184 -0.000000 0.000000 0.000000 0.000000 1.000000
0.999087 -0.022058 0.036579 0.000000 0.021586 0.999679 0.013248 15.169400 -0.036860 -0.012446 0.999243 0.000000 0.000000 0.000000 0.000000 1.000000
0.999145 -0.019044 0.036703 -0.000000 0.018700 0.999778 0.009677 15.169400 -0.036879 -0.008982 0.999279 0.000000 0.000000 0.000000 0.000000 1.000000
0.999217 -0.016264 0.036066 -0.000000 0.015997 0.999842 0.007692 15.169400 -0.036185 -0.007109 0.999320 -0.000000 0.000000 0.000000 0.000000 1.000000
0.999290 -0.013623 0.035114 0.000000 0.013393 0.999887 0.006769 15.169400 -0.035202 -0.006294 0.999360 0.000000 0.000000 0.000000 0.000000 1.000000
0.999341 -0.011578 0.034391 0.000000 0.011369 0.999916 0.006277 15.169400 -0.034460 -0.005882 0.999389 -0.000000 0.000000 0.000000 0.000000 1.000000
0.999368 -0.010184 0.034051 -0.000000 0.009993 0.999933 0.005774 15.169400 -0.034108 -0.005430 0.999403 0.000000 0.000000 0.000000 0.000000 1.000000
0.999387 -0.008962 0.033846 0.000000 0.008792 0.999948 0.005149 15.169400 -0.033891 -0.004848 0.999414 -0.000000 0.000000 0.000000 0.000000 1.000000
0.999411 -0.007425 0.033514 0.000000 0.007276 0.999963 0.004543 15.169400 -0.033547 -0.004296 0.999428 0.000000 0.000000 0.000000 0.000000 1.000000
0.999435 -0.005586 0.033152 0.000000 0.005446 0.999976 0.004304 15.169400 -0.033175 -0.004121 0.999441 -0.000000 0.000000 0.000000 0.000000 1.000000
0.999449 -0.003831 0.032962 0.000000 0.003676 0.999982 0.004750 15.169400 -0.032980 -0.004626 0.999445 -0.000000 0.000000 0.000000 0.000000 1.000000
0.999457 -0.002461 0.032863 -0.000000 0.002271 0.999981 0.005811 15.169400 -0.032877 -0.005734 0.999443 -0.000000 0.000000 0.000000 0.000000 1.000000
0.999465 -0.001471 0.032663 -0.000000 0.001240 0.999974 0.007080 15.169400 -0.032672 -0.007035 0.999441 0.000000 0.000000 0.000000 0.000000 1.000000
0.999477 -0.000610 0.032338 -0.000000 0.000343 0.999966 0.008258 15.169400 -0.032342 -0.008243 0.999443 -0.000000 0.000000 0.000000 0.000000 1.000000
0.999488 0.000367 0.032003 0.000000 -0.000665 0.999957 0.009295 15.169400 -0.031999 -0.009312 0.999445 0.000000 0.000000 0.000000 0.000000 1.000000
0.999494 0.001381 0.031777 0.000000 -0.001704 0.999947 0.010166 15.169400 -0.031761 -0.010215 0.999443 0.000000 0.000000 0.000000 0.000000 1.000000
0.999495 0.002185 0.031690 -0.000000 -0.002527 0.999939 0.010765 15.169400 -0.031665 -0.010839 0.999440 0.000000 0.000000 0.000000 0.000000 1.000000
0.999495 0.002829 0.031644 0.000000 -0.003177 0.999935 0.010980 15.169400 -0.031611 -0.011075 0.999439 0.000000 0.000000 0.000000 0.000000 1.000000
0.999498 0.003586 0.031493 0.000000 -0.003929 0.999933 0.010866 15.169400 -0.031452 -0.010984 0.999445 -0.000000 0.000000 0.000000 0.000000 1.000000</float_array>
        <technique_common>
          <accessor source="#mixamorig12_Neck-Matrix-animation-output-transform-array" count="36" stride="16">
            <param type="float4x4"/>
          </accessor>
        </technique_common>
      </source>
      <source id="mixamorig12_Neck-Interpolations">
        <Name_array id="mixamorig12_Neck-Interpolations-array" count="36">
 LINEAR LINEAR LINEAR LINEAR LINEAR LINEAR LINEAR LINEAR LINEAR LINEAR LINEAR
LINEAR LINEAR LINEAR LINEAR LINEAR LINEAR LINEAR LINEAR LINEAR LINEAR LINEAR LINEAR
LINEAR LINEAR LINEAR LINEAR LINEAR LINEAR LINEAR LINEAR LINEAR LINEAR LINEAR LINEAR
LINEAR</Name_array>
        <technique_common>
          <accessor source="#mixamorig12_Neck-Interpolations-array" count="36">
            <param type="name"/>
          </accessor>
        </technique_common>
      </source>
      <sampler id="mixamorig12_Neck-Matrix-animation-transform">
        <input semantic="INPUT" source="#mixamorig12_Neck-Matrix-animation-input"/>
        <input semantic="OUTPUT" source="#mixamorig12_Neck-Matrix-animation-output-transform"/>
        <input semantic="INTERPOLATION" source="#mixamorig12_Neck-Interpolations"/>
      </sampler>
      <channel source="#mixamorig12_Neck-Matrix-animation-transform" target="mixamorig12_Neck/matrix"/>
    </animation>
    <animation id="mixamorig12_Head-anim" name="mixamorig12_Head">
      <source id="mixamorig12_Head-Matrix-animation-input">
        <float_array id="mixamorig12_Head-Matrix-animation-input-array" count="36">

0.000000 0.033333 0.066667 0.100000 0.133333 0.166667 0.200000 0.233333 0.266667 0.300000 0.333333 0.366667 0.400000 0.433333 0.466667 0.500000
0.533333 0.566667 0.600000 0.633333 0.666667 0.700000 0.733333 0.766667 0.800000 0.833333 0.866667 0.900000 0.933333 0.966667 1.000000 1.033333
1.066667 1.100000 1.133333 1.166667</float_array>
        <technique_common>
          <accessor source="#mixamorig12_Head-Matrix-animation-input-array" count="36">
            <param name="TIME" type="float"/>
          </accessor>
        </technique_common>
      </source>
      <source id="mixamorig12_Head-Matrix-animation-output-transform">
        <float_array id="mixamorig12_Head-Matrix-animation-output-transform-array" count="576">

0.999498 0.003586 0.031493 -0.000000 -0.007343 0.992745 0.120018 7.383900 -0.030834 -0.120189 0.992272 2.849900 0.000000 0.000000 0.000000 1.000000
0.999497 0.003790 0.031501 0.000000 -0.007544 0.992753 0.119934 7.383900 -0.030818 -0.120112 0.992282 2.849900 0.000000 0.000000 0.000000 1.000000
