<?xml version="1.0" encoding="utf-8"?>
<COLLADA xmlns="http://www.collada.org/2005/11/COLLADASchema" version="1.4.1">
  <asset>
    <contributor>
      <author>Mixamo</author>
      <authoring_tool>COLLADA Mixamo exporter</authoring_tool>
      <comments/>
    </contributor>
    <created>2025-06-01T08:46:03Z</created>
    <modified>2025-06-01T08:46:03Z</modified>
    <revision/>
    <title/>
    <unit meter="0.010000"/>
    <up_axis>Y_UP</up_axis>
  </asset>
  <library_animations>
    <animation id="mixamorig12_Hips-anim" name="mixamorig12_Hips">
      <source id="mixamorig12_Hips-Matrix-animation-input">
        <float_array id="mixamorig12_Hips-Matrix-animation-input-array" count="31">

0.000000 0.033333 0.066667 0.100000 0.133333 0.166667 0.200000 0.233333 0.266667 0.300000 0.333333 0.366667 0.400000 0.433333 0.466667 0.500000
0.533333 0.566667 0.600000 0.633333 0.666667 0.700000 0.733333 0.766667 0.800000 0.833333 0.866667 0.900000 0.933333 0.966667 1.000000</float_array>
        <technique_common>
          <accessor source="#mixamorig12_Hips-Matrix-animation-input-array" count="31">
            <param name="TIME" type="float"/>
          </accessor>
        </technique_common>
      </source>
      <source id="mixamorig12_Hips-Matrix-animation-output-transform">
        <float_array id="mixamorig12_Hips-Matrix-animation-output-transform-array" count="496">

0.915255 -0.023389 -0.402195 -0.152985 0.009531 0.999291 -0.036424 91.691620 0.402762 0.029504 0.914829 0.441738 0.000000 0.000000 0.000000 1.000000
0.918793 -0.016382 -0.394400 -0.051682 0.008380 0.999723 -0.022003 90.604111 0.394651 0.016912 0.918675 1.300678 0.000000 0.000000 0.000000 1.000000
0.920785 -0.008562 -0.389976 0.148111 0.005968 0.999951 -0.007864 89.279518 0.390024 0.004914 0.920792 2.166090 0.000000 0.000000 0.000000 1.000000
0.921895 -0.001495 -0.387438 0.458072 0.003339 0.999986 0.004088 87.930695 0.387426 -0.005062 0.921887 2.977131 0.000000 0.000000 0.000000 1.000000
0.924432 0.003185 -0.381335 0.938671 0.001248 0.999935 0.011377 86.754097 0.381346 -0.010993 0.924367 3.599643 0.000000 0.000000 0.000000 1.000000
0.926857 0.002377 -0.375407 1.604524 0.001862 0.999939 0.010929 86.113708 0.375410 -0.010828 0.926796 3.866806 0.000000 0.000000 0.000000 1.000000
0.924507 -0.004878 -0.381133 2.439092 0.005439 0.999985 0.000394 86.223961 0.381125 -0.002437 0.924520 3.708122 0.000000 0.000000 0.000000 1.000000
0.917391 -0.014851 -0.397711 3.440375 0.006994 0.999751 -0.021199 86.940247 0.397926 0.016666 0.917266 3.179944 0.000000 0.000000 0.000000 1.000000
0.908332 -0.026596 -0.417404 4.458647 0.006575 0.998761 -0.049331 87.913124 0.418199 0.042064 0.907381 2.456762 0.000000 0.000000 0.000000 1.000000
0.907667 -0.064345 -0.414729 5.254848 0.036127 0.996488 -0.075539 88.856171 0.418133 0.053581 0.906804 1.892891 0.000000 0.000000 0.000000 1.000000
0.898614 -0.075202 -0.432247 6.187282 0.035728 0.994472 -0.098740 90.004906 0.437283 0.073286 0.896333 1.628666 0.000000 0.000000 0.000000 1.000000
0.880175 -0.062220 -0.470553 7.232612 0.008671 0.993313 -0.115123 91.458412 0.474569 0.097248 0.874830 1.637201 0.000000 0.000000 0.000000 1.000000
0.862273 -0.049746 -0.503995 8.104378 -0.014451 0.992342 -0.122672 92.893959 0.506238 0.113060 0.854951 1.956090 0.000000 0.000000 0.000000 1.000000
0.853459 -0.047530 -0.518987 8.640720 -0.021298 0.991820 -0.125857 93.934258 0.520724 0.118468 0.845466 2.480993 0.000000 0.000000 0.000000 1.000000
0.852518 -0.042993 -0.520927 8.938333 -0.027422 0.991560 -0.126713 94.354080 0.521978 0.122310 0.844144 3.124496 0.000000 0.000000 0.000000 1.000000
0.854492 -0.039950 -0.517926 9.088894 -0.027555 0.992149 -0.121991 94.102478 0.518733 0.118512 0.846683 3.863617 0.000000 0.000000 0.000000 1.000000
0.852925 -0.034761 -0.520874 9.190548 -0.026843 0.993540 -0.110260 93.266861 0.521342 0.108026 0.846483 4.724545 0.000000 0.000000 0.000000 1.000000
0.847986 -0.026386 -0.529361 9.226412 -0.027282 0.995263 -0.093311 91.993927 0.529315 0.093569 0.843250 5.686189 0.000000 0.000000 0.000000 1.000000
0.841365 -0.015298 -0.540250 9.168760 -0.029649 0.996788 -0.074400 90.334015 0.539653 0.078615 0.838209 6.684614 0.000000 0.000000 0.000000 1.000000
0.832489 -0.013289 -0.553882 8.967939 -0.021709 0.998162 -0.056578 88.423546 0.553616 0.059125 0.830671 7.513097 0.000000 0.000000 0.000000 1.000000
0.823518 -0.014343 -0.567108 8.595159 -0.011249 0.999071 -0.041603 86.649124 0.567178 0.040640 0.822592 8.007318 0.000000 0.000000 0.000000 1.000000
0.818432 -0.010622 -0.574505 7.940504 -0.007815 0.999531 -0.029615 85.434349 0.574551 0.028728 0.817965 8.004211 0.000000 0.000000 0.000000 1.000000
0.818093 -0.000538 -0.575086 7.010886 -0.015803 0.999601 -0.023415 85.213852 0.574869 0.028244 0.817758 7.354166 0.000000 0.000000 0.000000 1.000000
0.822637 0.003238 -0.568558 5.883679 -0.023149 0.999345 -0.027802 85.891068 0.568096 0.036033 0.822173 5.952060 0.000000 0.000000 0.000000 1.000000
0.832785 -0.004075 -0.553581 4.686948 -0.023213 0.998836 -0.042273 87.161301 0.553109 0.048055 0.831722 4.180499 0.000000 0.000000 0.000000 1.000000
0.841168 0.008441 -0.540708 3.692264 -0.046966 0.997240 -0.057496 88.521477 0.538730 0.073758 0.839243 2.744063 0.000000 0.000000 0.000000 1.000000
0.864520 0.005524 -0.502568 2.767917 -0.043329 0.997036 -0.063577 89.889778 0.500728 0.076739 0.862197 1.611844 0.000000 0.000000 0.000000 1.000000
0.893483 -0.017428 -0.448759 1.880470 -0.010904 0.998110 -0.060472 91.243721 0.448965 0.058924 0.891604 0.779800 0.000000 0.000000 0.000000 1.000000
0.906140 -0.017740 -0.422606 1.231047 -0.006176 0.998459 -0.055154 92.121422 0.422933 0.052587 0.904634 0.524083 0.000000 0.000000 0.000000 1.000000
0.911662 -0.021914 -0.410357 0.629382 0.000976 0.998690 -0.051165 92.458916 0.410941 0.046245 0.910488 0.440074 0.000000 0.000000 0.000000 1.000000
0.914156 -0.025305 -0.404572 0.082615 0.008609 0.999036 -0.043035 92.165543 0.405271 0.035858 0.913493 0.407274 0.000000 0.000000 0.000000 1.000000</float_array>
        <technique_common>
          <accessor source="#mixamorig12_Hips-Matrix-animation-output-transform-array" count="31" stride="16">
            <param type="float4x4"/>
          </accessor>
        </technique_common>
      </source>
      <source id="mixamorig12_Hips-Interpolations">
        <Name_array id="mixamorig12_Hips-Interpolations-array" count="31">
 LINEAR LINEAR LINEAR LINEAR LINEAR LINEAR LINEAR LINEAR LINEAR LINEAR LINEAR
LINEAR LINEAR LINEAR LINEAR LINEAR LINEAR LINEAR LINEAR LINEAR LINEAR LINEAR LINEAR
LINEAR LINEAR LINEAR LINEAR LINEAR LINEAR LINEAR LINEAR</Name_array>
        <technique_common>
          <accessor source="#mixamorig12_Hips-Interpolations-array" count="31">
            <param type="name"/>
          </accessor>
        </technique_common>
      </source>
      <sampler id="mixamorig12_Hips-Matrix-animation-transform">
        <input semantic="INPUT" source="#mixamorig12_Hips-Matrix-animation-input"/>
        <input semantic="OUTPUT" source="#mixamorig12_Hips-Matrix-animation-output-transform"/>
        <input semantic="INTERPOLATION" source="#mixamorig12_Hips-Interpolations"/>
      </sampler>
      <channel source="#mixamorig12_Hips-Matrix-animation-transform" target="mixamorig12_Hips/matrix"/>
    </animation>
    <animation id="mixamorig12_Spine-anim" name="mixamorig12_Spine">
      <source id="mixamorig12_Spine-Matrix-animation-input">
        <float_array id="mixamorig12_Spine-Matrix-animation-input-array" count="31">

0.000000 0.033333 0.066667 0.100000 0.133333 0.166667 0.200000 0.233333 0.266667 0.300000 0.333333 0.366667 0.400000 0.433333 0.466667 0.500000
0.533333 0.566667 0.600000 0.633333 0.666667 0.700000 0.733333 0.766667 0.800000 0.833333 0.866667 0.900000 0.933333 0.966667 1.000000</float_array>
        <technique_common>
          <accessor source="#mixamorig12_Spine-Matrix-animation-input-array" count="31">
            <param name="TIME" type="float"/>
          </accessor>
        </technique_common>
      </source>
      <source id="mixamorig12_Spine-Matrix-animation-output-transform">
        <float_array id="mixamorig12_Spine-Matrix-animation-output-transform-array" count="496">

0.999158 -0.030317 0.027659 0.000000 0.028589 0.997737 0.060863 10.052400 -0.029442 -0.060021 0.997763 -1.105100 0.000000 0.000000 0.000000 1.000000
0.999353 -0.028821 0.021523 0.000000 0.027521 0.997910 0.058459 10.052400 -0.023163 -0.057828 0.998058 -1.105100 0.000000 0.000000 0.000000 1.000000
0.999469 -0.027728 0.017127 0.000000 0.026713 0.998023 0.056882 10.052400 -0.018670 -0.056394 0.998234 -1.105100 0.000000 0.000000 0.000000 1.000000
0.999536 -0.026731 0.014589 0.000000 0.025870 0.998078 0.056313 10.052400 -0.016066 -0.055909 0.998307 -1.105100 0.000000 0.000000 0.000000 1.000000
0.999609 -0.025655 0.011128 0.000000 0.024993 0.998119 0.055977 10.052400 -0.012544 -0.055677 0.998370 -1.105100 0.000000 0.000000 0.000000 1.000000
0.999764 -0.020255 0.007889 0.000000 0.019788 0.998269 0.055386 10.052400 -0.008998 -0.055217 0.998434 -1.105100 0.000000 0.000000 0.000000 1.000000
0.999917 -0.007823 0.010252 0.000000 0.007244 0.998440 0.055357 10.052400 -0.010669 -0.055278 0.998414 -1.105100 0.000000 0.000000 0.000000 1.000000
0.999871 0.006905 0.014470 0.000000 -0.007717 0.998353 0.056844 10.052400 -0.014053 -0.056948 0.998278 -1.105100 0.000000 0.000000 0.000000 1.000000
0.999582 0.022786 0.017799 0.000000 -0.023804 0.997959 0.059264 10.052400 -0.016413 -0.059662 0.998084 -1.105100 0.000000 0.000000 0.000000 1.000000
0.997463 0.071188 0.000407 0.000000 -0.071072 0.995481 0.062975 10.052400 0.004078 -0.062844 0.998015 -1.105100 0.000000 0.000000 0.000000 1.000000
0.996883 0.078775 0.004423 0.000000 -0.078897 0.994828 0.063973 10.052400 0.000639 -0.064122 0.997942 -1.105100 0.000000 0.000000 0.000000 1.000000
0.998210 0.053077 0.027558 0.000000 -0.054672 0.996654 0.060766 10.052400 -0.024241 -0.062164 0.997772 -1.105100 0.000000 0.000000 0.000000 1.000000
0.998549 0.031413 0.043739 -0.000000 -0.033894 0.997788 0.057185 10.052400 -0.041846 -0.058585 0.997405 -1.105100 0.000000 0.000000 0.000000 1.000000
0.998597 0.026433 0.045890 -0.000000 -0.028997 0.998002 0.056140 10.052400 -0.044315 -0.057392 0.997368 -1.105100 0.000000 0.000000 0.000000 1.000000
0.998861 0.017963 0.044203 0.000000 -0.020522 0.998098 0.058137 10.052400 -0.043074 -0.058978 0.997330 -1.105100 0.000000 0.000000 0.000000 1.000000
0.999067 0.011790 0.041558 0.000000 -0.014295 0.998066 0.060495 10.052400 -0.040764 -0.061033 0.997303 -1.105100 0.000000 0.000000 0.000000 1.000000
0.999080 0.003331 0.042751 0.000000 -0.005990 0.998044 0.062230 10.052400 -0.042460 -0.062429 0.997146 -1.105100 0.000000 0.000000 0.000000 1.000000
0.998871 -0.007725 0.046877 0.000000 0.004716 0.997941 0.063967 10.052400 -0.047275 -0.063674 0.996850 -1.105100 0.000000 0.000000 0.000000 1.000000
0.998480 -0.021345 0.050821 -0.000000 0.017923 0.997601 0.066865 10.052400 -0.052127 -0.065852 0.996467 -1.105100 0.000000 0.000000 0.000000 1.000000
0.998136 -0.022865 0.056577 -0.000000 0.018884 0.997373 0.069930 10.052400 -0.058028 -0.068731 0.995946 -1.105100 0.000000 0.000000 0.000000 1.000000
0.997704 -0.020533 0.064538 0.000000 0.015856 0.997266 0.072169 10.052400 -0.065843 -0.070980 0.995302 -1.105100 0.000000 0.000000 0.000000 1.000000
0.997116 -0.023258 0.072242 0.000000 0.017964 0.997163 0.073092 10.052400 -0.073737 -0.071584 0.994705 -1.105100 0.000000 0.000000 0.000000 1.000000
0.996306 -0.036419 0.077765 0.000000 0.030691 0.996814 0.073623 10.052400 -0.080198 -0.070964 0.994250 -1.105100 0.000000 0.000000 0.000000 1.000000
0.995700 -0.046706 0.079998 0.000000 0.040794 0.996423 0.074002 10.052400 -0.083168 -0.070421 0.994044 -1.105100 0.000000 0.000000 0.000000 1.000000
0.995812 -0.048191 0.077694 0.000000 0.042359 0.996281 0.075034 10.052400 -0.081021 -0.071429 0.994150 -1.105100 0.000000 0.000000 0.000000 1.000000
0.993451 -0.078653 0.082878 0.000000 0.072198 0.994320 0.078199 10.052400 -0.088557 -0.071703 0.993487 -1.105100 0.000000 0.000000 0.000000 1.000000
0.994632 -0.076627 0.069536 0.000000 0.071515 0.994746 0.073248 10.052400 -0.074783 -0.067882 0.994887 -1.105100 0.000000 0.000000 0.000000 1.000000
0.998202 -0.041395 0.043338 0.000000 0.038614 0.997256 0.063164 10.052400 -0.045834 -0.061377 0.997062 -1.105100 0.000000 0.000000 0.000000 1.000000
0.998502 -0.041204 0.036006 0.000000 0.038981 0.997413 0.060391 10.052400 -0.038402 -0.058896 0.997525 -1.105100 0.000000 0.000000 0.000000 1.000000
0.998794 -0.037873 0.031241 0.000000 0.035877 0.997422 0.062153 10.052400 -0.033514 -0.060957 0.997578 -1.105100 0.000000 0.000000 0.000000 1.000000
0.999098 -0.031188 0.028808 0.000000 0.029353 0.997639 0.062081 10.052400 -0.030677 -0.061179 0.997655 -1.105100 0.000000 0.000000 0.000000 1.000000</float_array>
        <technique_common>
          <accessor source="#mixamorig12_Spine-Matrix-animation-output-transform-array" count="31" stride="16">
            <param type="float4x4"/>
          </accessor>
        </technique_common>
      </source>
      <source id="mixamorig12_Spine-Interpolations">
        <Name_array id="mixamorig12_Spine-Interpolations-array" count="31">
 LINEAR LINEAR LINEAR LINEAR LINEAR LINEAR LINEAR LINEAR LINEAR LINEAR LINEAR
LINEAR LINEAR LINEAR LINEAR LINEAR LINEAR LINEAR LINEAR LINEAR LINEAR LINEAR LINEAR
LINEAR LINEAR LINEAR LINEAR LINEAR LINEAR LINEAR LINEAR</Name_array>
        <technique_common>
          <accessor source="#mixamorig12_Spine-Interpolations-array" count="31">
            <param type="name"/>
          </accessor>
        </technique_common>
      </source>
      <sampler id="mixamorig12_Spine-Matrix-animation-transform">
        <input semantic="INPUT" source="#mixamorig12_Spine-Matrix-animation-input"/>
        <input semantic="OUTPUT" source="#mixamorig12_Spine-Matrix-animation-output-transform"/>
        <input semantic="INTERPOLATION" source="#mixamorig12_Spine-Interpolations"/>
      </sampler>
      <channel source="#mixamorig12_Spine-Matrix-animation-transform" target="mixamorig12_Spine/matrix"/>
    </animation>
    <animation id="mixamorig12_Spine1-anim" name="mixamorig12_Spine1">
      <source id="mixamorig12_Spine1-Matrix-animation-input">
        <float_array id="mixamorig12_Spine1-Matrix-animation-input-array" count="31">

0.000000 0.033333 0.066667 0.100000 0.133333 0.166667 0.200000 0.233333 0.266667 0.300000 0.333333 0.366667 0.400000 0.433333 0.466667 0.500000
0.533333 0.566667 0.600000 0.633333 0.666667 0.700000 0.733333 0.766667 0.800000 0.833333 0.866667 0.900000 0.933333 0.966667 1.000000</float_array>
        <technique_common>
          <accessor source="#mixamorig12_Spine1-Matrix-animation-input-array" count="31">
            <param name="TIME" type="float"/>
          </accessor>
        </technique_common>
      </source>
      <source id="mixamorig12_Spine1-Matrix-animation-output-transform">
        <float_array id="mixamorig12_Spine1-Matrix-animation-output-transform-array" count="496">

0.996977 -0.003924 -0.077600 0.000000 0.000271 0.998893 -0.047033 11.798400 0.077698 0.046870 0.995875 -0.000000 0.000000 0.000000 0.000000 1.000000
0.996598 -0.004952 -0.082270 0.000000 0.000954 0.998820 -0.048564 11.798400 0.082414 0.048320 0.995426 0.000000 0.000000 0.000000 0.000000 1.000000
0.996245 -0.007155 -0.086280 -0.000000 0.002852 0.998750 -0.049896 11.798400 0.086530 0.049462 0.995021 0.000000 0.000000 0.000000 0.000000 1.000000
0.995959 -0.008608 -0.089399 0.000000 0.004099 0.998716 -0.050498 11.798400 0.089719 0.049928 0.994715 0.000000 0.000000 0.000000 0.000000 1.000000
0.995646 -0.008127 -0.092858 0.000000 0.003420 0.998706 -0.050740 11.798400 0.093150 0.050201 0.994386 0.000000 0.000000 0.000000 0.000000 1.000000
0.995331 -0.005519 -0.096365 -0.000000 0.000610 0.998704 -0.050899 11.798400 0.096521 0.050603 0.994044 0.000000 0.000000 0.000000 0.000000 1.000000
0.995213 -0.001330 -0.097719 0.000000 -0.003610 0.998725 -0.050359 11.798400 0.097661 0.050471 0.993939 0.000000 0.000000 0.000000 0.000000 1.000000
0.995378 0.003093 -0.095986 0.000000 -0.007802 0.998782 -0.048728 11.798400 0.095718 0.049252 0.994189 0.000000 0.000000 0.000000 0.000000 1.000000
0.995693 0.007582 -0.092396 -0.000000 -0.011953 0.998831 -0.046843 11.798400 0.091933 0.047746 0.994620 0.000000 0.000000 0.000000 0.000000 1.000000
0.996036 0.014706 -0.087732 0.000000 -0.018612 0.998864 -0.043868 11.798400 0.086987 0.045327 0.995178 0.000000 0.000000 0.000000 0.000000 1.000000
0.996533 0.017252 -0.081386 0.000000 -0.020775 0.998875 -0.042638 11.798400 0.080559 0.044181 0.995770 0.000000 0.000000 0.000000 0.000000 1.000000
0.997196 0.014255 -0.073457 0.000000 -0.017581 0.998840 -0.044828 11.798400 0.072733 0.045994 0.996290 -0.000000 0.000000 0.000000 0.000000 1.000000
0.997761 0.009351 -0.066224 0.000000 -0.012540 0.998773 -0.047903 11.798400 0.065694 0.048627 0.996654 0.000000 0.000000 0.000000 0.000000 1.000000
0.998000 0.006012 -0.062923 0.000000 -0.009117 0.998748 -0.049188 11.798400 0.062549 0.049663 0.996806 0.000000 0.000000 0.000000 0.000000 1.000000
0.997964 0.002824 -0.063719 0.000000 -0.005947 0.998787 -0.048876 11.798400 0.063504 0.049156 0.996770 0.000000 0.000000 0.000000 0.000000 1.000000
0.997851 0.000188 -0.065527 -0.000000 -0.003371 0.998819 -0.048474 11.798400 0.065440 0.048591 0.996673 0.000000 0.000000 0.000000 0.000000 1.000000
0.997871 -0.001835 -0.065192 0.000000 -0.001324 0.998828 -0.048378 11.798400 0.065204 0.048362 0.996699 0.000000 0.000000 0.000000 0.000000 1.000000
0.998034 -0.002978 -0.062596 0.000000 -0.000019 0.998856 -0.047817 11.798400 0.062667 0.047724 0.996893 -0.000000 0.000000 0.000000 0.000000 1.000000
0.998237 -0.003922 -0.059219 0.000000 0.001190 0.998937 -0.046091 11.798400 0.059337 0.045939 0.997180 -0.000000 0.000000 0.000000 0.000000 1.000000
0.998440 -0.004255 -0.055676 -0.000000 0.001816 0.999040 -0.043781 11.798400 0.055808 0.043611 0.997489 0.000000 0.000000 0.000000 0.000000 1.000000
0.998593 -0.005292 -0.052764 0.000000 0.003082 0.999118 -0.041880 11.798400 0.052940 0.041658 0.997728 0.000000 0.000000 0.000000 0.000000 1.000000
0.998709 -0.007324 -0.050274 0.000000 0.005270 0.999151 -0.040859 11.798400 0.050530 0.040541 0.997899 0.000000 0.000000 0.000000 0.000000 1.000000
0.998839 -0.010205 -0.047072 0.000000 0.008296 0.999142 -0.040574 11.798400 0.047446 0.040137 0.998067 -0.000000 0.000000 0.000000 0.000000 1.000000
0.998953 -0.011817 -0.044189 0.000000 0.010006 0.999110 -0.040978 11.798400 0.044634 0.040493 0.998182 0.000000 0.000000 0.000000 0.000000 1.000000
0.998932 -0.011498 -0.044746 0.000000 0.009661 0.999110 -0.041061 11.798400 0.045178 0.040585 0.998154 0.000000 0.000000 0.000000 0.000000 1.000000
0.998613 -0.012954 -0.051036 0.000000 0.010888 0.999118 -0.040556 11.798400 0.051517 0.039944 0.997873 -0.000000 0.000000 0.000000 0.000000 1.000000
0.998100 -0.010983 -0.060624 0.000000 0.008383 0.999041 -0.042968 11.798400 0.061037 0.042378 0.997235 0.000000 0.000000 0.000000 0.000000 1.000000
0.997627 -0.006035 -0.068590 0.000000 0.002778 0.998868 -0.047482 11.798400 0.068799 0.047179 0.996514 0.000000 0.000000 0.000000 0.000000 1.000000
0.997295 -0.004790 -0.073344 0.000000 0.001253 0.998837 -0.048197 11.798400 0.073489 0.047975 0.996141 -0.000000 0.000000 0.000000 0.000000 1.000000
0.997131 -0.003522 -0.075609 0.000000 0.000025 0.998932 -0.046205 11.798400 0.075691 0.046071 0.996066 0.000000 0.000000 0.000000 0.000000 1.000000
0.997054 -0.003142 -0.076642 0.000000 -0.000396 0.998936 -0.046107 11.798400 0.076706 0.046002 0.995992 0.000000 0.000000 0.000000 0.000000 1.000000</float_array>
        <technique_common>
          <accessor source="#mixamorig12_Spine1-Matrix-animation-output-transform-array" count="31" stride="16">
            <param type="float4x4"/>
          </accessor>
        </technique_common>
      </source>
      <source id="mixamorig12_Spine1-Interpolations">
        <Name_array id="mixamorig12_Spine1-Interpolations-array" count="31">
 LINEAR LINEAR LINEAR LINEAR LINEAR LINEAR LINEAR LINEAR LINEAR LINEAR LINEAR
LINEAR LINEAR LINEAR LINEAR LINEAR LINEAR LINEAR LINEAR LINEAR LINEAR LINEAR LINEAR
LINEAR LINEAR LINEAR LINEAR LINEAR LINEAR LINEAR LINEAR</Name_array>
        <technique_common>
          <accessor source="#mixamorig12_Spine1-Interpolations-array" count="31">
            <param type="name"/>
          </accessor>
        </technique_common>
      </source>
      <sampler id="mixamorig12_Spine1-Matrix-animation-transform">
        <input semantic="INPUT" source="#mixamorig12_Spine1-Matrix-animation-input"/>
        <input semantic="OUTPUT" source="#mixamorig12_Spine1-Matrix-animation-output-transform"/>
        <input semantic="INTERPOLATION" source="#mixamorig12_Spine1-Interpolations"/>
      </sampler>
      <channel source="#mixamorig12_Spine1-Matrix-animation-transform" target="mixamorig12_Spine1/matrix"/>
    </animation>
    <animation id="mixamorig12_Spine2-anim" name="mixamorig12_Spine2">
      <source id="mixamorig12_Spine2-Matrix-animation-input">
        <float_array id="mixamorig12_Spine2-Matrix-animation-input-array" count="31">

0.000000 0.033333 0.066667 0.100000 0.133333 0.166667 0.200000 0.233333 0.266667 0.300000 0.333333 0.366667 0.400000 0.433333 0.466667 0.500000
0.533333 0.566667 0.600000 0.633333 0.666667 0.700000 0.733333 0.766667 0.800000 0.833333 0.866667 0.900000 0.933333 0.966667 1.000000</float_array>
        <technique_common>
          <accessor source="#mixamorig12_Spine2-Matrix-animation-input-array" count="31">
            <param name="TIME" type="float"/>
          </accessor>
        </technique_common>
      </source>
      <source id="mixamorig12_Spine2-Matrix-animation-output-transform">
        <float_array id="mixamorig12_Spine2-Matrix-animation-output-transform-array" count="496">

0.984969 -0.062714 -0.160943 0.000000 0.054196 0.996914 -0.056785 13.483900 0.164008 0.047209 0.985329 -0.000000 0.000000 0.000000 0.000000 1.000000
0.984143 -0.063795 -0.165510 -0.000000 0.054793 0.996788 -0.058399 13.483900 0.168704 0.048404 0.984477 0.000000 0.000000 0.000000 0.000000 1.000000
0.983333 -0.066027 -0.169398 0.000000 0.056598 0.996598 -0.059906 13.483900 0.172777 0.049320 0.983725 0.000000 0.000000 0.000000 0.000000 1.000000
0.982704 -0.067499 -0.172444 0.000000 0.057809 0.996486 -0.060618 13.483900 0.175929 0.049601 0.983152 0.000000 0.000000 0.000000 0.000000 1.000000
0.982135 -0.067044 -0.175831 0.000000 0.057134 0.996511 -0.060834 13.483900 0.179296 0.049701 0.982539 0.000000 0.000000 0.000000 0.000000 1.000000
0.981676 -0.064469 -0.179322 0.000000 0.054349 0.996670 -0.060789 13.483900 0.182644 0.049929 0.981911 -0.000000 0.000000 0.000000 0.000000 1.000000
0.981660 -0.060316 -0.180847 0.000000 0.050228 0.996942 -0.059859 13.483900 0.183905 0.049678 0.981688 0.000000 0.000000 0.000000 0.000000 1.000000
0.982179 -0.055906 -0.179440 0.000000 0.046207 0.997259 -0.057782 13.483900 0.182178 0.048461 0.982071 0.000000 0.000000 0.000000 0.000000 1.000000
0.983006 -0.051373 -0.176238 -0.000000 0.042194 0.997570 -0.055444 13.483900 0.178658 0.047066 0.982785 0.000000 0.000000 0.000000 0.000000 1.000000
0.984090 -0.044225 -0.172081 0.000000 0.035802 0.998018 -0.051748 13.483900 0.174028 0.044764 0.983723 0.000000 0.000000 0.000000 0.000000 1.000000
0.985282 -0.041617 -0.165795 0.000000 0.033688 0.998163 -0.050356 13.483900 0.167586 0.044030 0.984874 0.000000 0.000000 0.000000 0.000000 1.000000
0.986491 -0.044524 -0.157647 0.000000 0.036593 0.997931 -0.052865 13.483900 0.159674 0.046382 0.986080 0.000000 0.000000 0.000000 0.000000 1.000000
0.987424 -0.049354 -0.150194 0.000000 0.041291 0.997558 -0.056337 13.483900 0.152608 0.049427 0.987050 0.000000 0.000000 0.000000 0.000000 1.000000
0.987759 -0.052658 -0.146833 0.000000 0.044568 0.997330 -0.057853 13.483900 0.149487 0.050600 0.987468 0.000000 0.000000 0.000000 0.000000 1.000000
0.987462 -0.055835 -0.147651 0.000000 0.047748 0.997188 -0.057764 13.483900 0.150461 0.049990 0.987351 -0.000000 0.000000 0.000000 0.000000 1.000000
0.987020 -0.058459 -0.149577 -0.000000 0.050337 0.997074 -0.057528 13.483900 0.152503 0.049252 0.987075 0.000000 0.000000 0.000000 0.000000 1.000000
0.986936 -0.060461 -0.149340 0.000000 0.052361 0.996966 -0.057595 13.483900 0.152369 0.049023 0.987107 -0.000000 0.000000 0.000000 0.000000 1.000000
0.987256 -0.061590 -0.146740 -0.000000 0.053692 0.996919 -0.057188 13.483900 0.149810 0.048580 0.987521 0.000000 0.000000 0.000000 0.000000 1.000000
0.987715 -0.062525 -0.143214 0.000000 0.055042 0.996933 -0.055637 13.483900 0.146253 0.047070 0.988127 0.000000 0.000000 0.000000 0.000000 1.000000
0.988218 -0.062850 -0.139554 0.000000 0.055865 0.997008 -0.053417 13.483900 0.142494 0.044991 0.988773 0.000000 0.000000 0.000000 0.000000 1.000000
0.988572 -0.063879 -0.136546 0.000000 0.057291 0.997021 -0.051643 13.483900 0.139439 0.043230 0.989287 0.000000 0.000000 0.000000 0.000000 1.000000
0.988798 -0.065896 -0.133929 0.000000 0.059556 0.996931 -0.050812 13.483900 0.136866 0.042266 0.989687 -0.000000 0.000000 0.000000 0.000000 1.000000
0.989064 -0.068747 -0.130484 0.000000 0.062585 0.996748 -0.050757 13.483900 0.133549 0.042035 0.990150 0.000000 0.000000 0.000000 0.000000 1.000000
0.989347 -0.070338 -0.127454 0.000000 0.064251 0.996616 -0.051267 13.483900 0.130629 0.042532 0.990519 0.000000 0.000000 0.000000 0.000000 1.000000
0.989287 -0.070039 -0.128086 0.000000 0.063912 0.996634 -0.051341 13.483900 0.131251 0.042605 0.990433 0.000000 0.000000 0.000000 0.000000 1.000000
0.988375 -0.071502 -0.134173 0.000000 0.065170 0.996569 -0.051014 13.483900 0.137361 0.041677 0.989644 0.000000 0.000000 0.000000 0.000000 1.000000
0.987181 -0.069559 -0.143652 0.000000 0.062464 0.996621 -0.053333 13.483900 0.146876 0.043676 0.988190 0.000000 0.000000 0.000000 0.000000 1.000000
0.986301 -0.064680 -0.151744 0.000000 0.056531 0.996748 -0.057420 13.483900 0.154964 0.048056 0.986751 0.000000 0.000000 0.000000 0.000000 1.000000
0.985647 -0.063510 -0.156418 0.000000 0.055013 0.996796 -0.058068 13.483900 0.159605 0.048630 0.985982 0.000000 0.000000 0.000000 0.000000 1.000000
0.985345 -0.062292 -0.158791 0.000000 0.054005 0.996970 -0.055982 13.483900 0.161797 0.046586 0.985724 0.000000 0.000000 0.000000 0.000000 1.000000
0.985177 -0.061925 -0.159976 0.000000 0.053605 0.997001 -0.055811 13.483900 0.162952 0.046408 0.985542 0.000000 0.000000 0.000000 0.000000 1.000000</float_array>
        <technique_common>
          <accessor source="#mixamorig12_Spine2-Matrix-animation-output-transform-array" count="31" stride="16">
            <param type="float4x4"/>
          </accessor>
        </technique_common>
      </source>
      <source id="mixamorig12_Spine2-Interpolations">
        <Name_array id="mixamorig12_Spine2-Interpolations-array" count="31">
 LINEAR LINEAR LINEAR LINEAR LINEAR LINEAR LINEAR LINEAR LINEAR LINEAR LINEAR
LINEAR LINEAR LINEAR LINEAR LINEAR LINEAR LINEAR LINEAR LINEAR LINEAR LINEAR LINEAR
LINEAR LINEAR LINEAR LINEAR LINEAR LINEAR LINEAR LINEAR</Name_array>
        <technique_common>
          <accessor source="#mixamorig12_Spine2-Interpolations-array" count="31">
            <param type="name"/>
          </accessor>
        </technique_common>
      </source>
      <sampler id="mixamorig12_Spine2-Matrix-animation-transform">
        <input semantic="INPUT" source="#mixamorig12_Spine2-Matrix-animation-input"/>
        <input semantic="OUTPUT" source="#mixamorig12_Spine2-Matrix-animation-output-transform"/>
        <input semantic="INTERPOLATION" source="#mixamorig12_Spine2-Interpolations"/>
      </sampler>
      <channel source="#mixamorig12_Spine2-Matrix-animation-transform" target="mixamorig12_Spine2/matrix"/>
    </animation>
    <animation id="mixamorig12_Neck-anim" name="mixamorig12_Neck">
      <source id="mixamorig12_Neck-Matrix-animation-input">
        <float_array id="mixamorig12_Neck-Matrix-animation-input-array" count="31">

0.000000 0.033333 0.066667 0.100000 0.133333 0.166667 0.200000 0.233333 0.266667 0.300000 0.333333 0.366667 0.400000 0.433333 0.466667 0.500000
0.533333 0.566667 0.600000 0.633333 0.666667 0.700000 0.733333 0.766667 0.800000 0.833333 0.866667 0.900000 0.933333 0.966667 1.000000</float_array>
        <technique_common>
          <accessor source="#mixamorig12_Neck-Matrix-animation-input-array" count="31">
            <param name="TIME" type="float"/>
          </accessor>
        </technique_common>
      </source>
      <source id="mixamorig12_Neck-Matrix-animation-output-transform">
        <float_array id="mixamorig12_Neck-Matrix-animation-output-transform-array" count="496">

0.989933 0.076751 0.118922 0.000000 -0.035942 0.948982 -0.313274 15.169400 -0.136899 0.305846 0.942187 0.000000 0.000000 0.000000 0.000000 1.000000
0.989901 0.076771 0.119177 0.000000 -0.035829 0.948867 -0.313635 15.169400 -0.137161 0.306197 0.942035 0.000000 0.000000 0.000000 0.000000 1.000000
0.989661 0.079176 0.119590 -0.000000 -0.037995 0.948757 -0.313715 15.169400 -0.138300 0.305928 0.941956 0.000000 0.000000 0.000000 0.000000 1.000000
0.989370 0.081715 0.120289 0.000000 -0.040187 0.948611 -0.313884 15.169400 -0.139756 0.305713 0.941811 0.000000 0.000000 0.000000 0.000000 1.000000
0.989153 0.082952 0.121222 0.000000 -0.041148 0.948716 -0.313441 15.169400 -0.141005 0.305054 0.941839 0.000000 0.000000 0.000000 0.000000 1.000000
0.988998 0.082266 0.122946 0.000000 -0.040110 0.949099 -0.312413 15.169400 -0.142389 0.304044 0.941957 0.000000 0.000000 0.000000 0.000000 1.000000
0.988895 0.079193 0.125755 0.000000 -0.036359 0.949399 -0.311959 15.169400 -0.144097 0.303923 0.941736 0.000000 0.000000 0.000000 0.000000 1.000000
0.988887 0.074014 0.128936 0.000000 -0.030397 0.949603 -0.311976 15.169400 -0.145528 0.304590 0.941300 0.000000 0.000000 0.000000 0.000000 1.000000
0.989018 0.066922 0.131779 0.000000 -0.022829 0.950086 -0.311151 15.169400 -0.146024 0.304725 0.941180 0.000000 0.000000 0.000000 0.000000 1.000000
0.989196 0.058526 0.134408 0.000000 -0.013994 0.950363 -0.310829 15.169400 -0.145928 0.305590 0.940914 0.000000 0.000000 0.000000 0.000000 1.000000
0.989314 0.057583 0.133948 0.000000 -0.013227 0.950364 -0.310858 15.169400 -0.145199 0.305764 0.940970 0.000000 0.000000 0.000000 0.000000 1.000000
0.989303 0.063503 0.131332 0.000000 -0.019651 0.950087 -0.311367 15.169400 -0.144549 0.305455 0.941171 0.000000 0.000000 0.000000 0.000000 1.000000
0.989140 0.070352 0.129044 0.000000 -0.026749 0.949502 -0.312617 15.169400 -0.144521 0.305771 0.941073 0.000000 0.000000 0.000000 0.000000 1.000000
0.989056 0.073090 0.128164 -0.000000 -0.029534 0.949169 -0.313379 15.169400 -0.144554 0.306164 0.940940 0.000000 0.000000 0.000000 0.000000 1.000000
0.989039 0.074387 0.127545 0.000000 -0.030944 0.949064 -0.313561 15.169400 -0.144373 0.306178 0.940963 0.000000 0.000000 0.000000 0.000000 1.000000
0.988847 0.077108 0.127423 0.000000 -0.033654 0.949102 -0.313165 15.169400 -0.145085 0.305383 0.941112 0.000000 0.000000 0.000000 0.000000 1.000000
0.988601 0.080473 0.127251 0.000000 -0.036968 0.949041 -0.312976 15.169400 -0.145952 0.304704 0.941198 -0.000000 0.000000 0.000000 0.000000 1.000000
0.988664 0.081347 0.126197 0.000000 -0.037938 0.948586 -0.314238 15.169400 -0.145271 0.305888 0.940919 0.000000 0.000000 0.000000 0.000000 1.000000
0.988944 0.080598 0.124475 0.000000 -0.037428 0.947887 -0.316400 15.169400 -0.143489 0.308243 0.940424 0.000000 0.000000 0.000000 0.000000 1.000000
0.989193 0.079434 0.123239 0.000000 -0.036577 0.947647 -0.317217 15.169400 -0.141985 0.309281 0.940311 0.000000 0.000000 0.000000 0.000000 1.000000
0.989353 0.078861 0.122316 -0.000000 -0.036406 0.947849 -0.316635 15.169400 -0.140907 0.308811 0.940628 0.000000 0.000000 0.000000 0.000000 1.000000
0.989456 0.079577 0.121017 0.000000 -0.037470 0.947738 -0.316842 15.169400 -0.139906 0.308967 0.940726 0.000000 0.000000 0.000000 0.000000 1.000000
0.989436 0.082758 0.119031 0.000000 -0.040777 0.946774 -0.319305 15.169400 -0.139120 0.311078 0.940147 0.000000 0.000000 0.000000 0.000000 1.000000
0.989192 0.087366 0.117759 0.000000 -0.045258 0.945816 -0.321532 15.169400 -0.139470 0.312727 0.939548 -0.000000 0.000000 0.000000 0.000000 1.000000
0.988676 0.092166 0.118429 0.000000 -0.049761 0.945875 -0.320694 15.169400 -0.141576 0.311170 0.939750 0.000000 0.000000 0.000000 0.000000 1.000000
0.988143 0.096987 0.119025 0.000000 -0.054571 0.946461 -0.318171 15.169400 -0.143511 0.307903 0.940532 -0.000000 0.000000 0.000000 0.000000 1.000000
0.988409 0.092574 0.120323 0.000000 -0.050615 0.948168 -0.313714 15.169400 -0.143128 0.303988 0.941863 0.000000 0.000000 0.000000 0.000000 1.000000
0.989182 0.082438 0.121342 -0.000000 -0.041071 0.949715 -0.310412 15.169400 -0.140830 0.302070 0.942826 -0.000000 0.000000 0.000000 0.000000 1.000000
0.989499 0.079921 0.120430 0.000000 -0.038549 0.948962 -0.313026 15.169400 -0.139301 0.305097 0.942078 0.000000 0.000000 0.000000 0.000000 1.000000
0.989524 0.079981 0.120184 -0.000000 -0.038213 0.947919 -0.316210 15.169400 -0.139216 0.308305 0.941046 0.000000 0.000000 0.000000 0.000000 1.000000
0.989769 0.077977 0.119487 0.000000 -0.036671 0.948343 -0.315122 15.169400 -0.137887 0.307516 0.941499 0.000000 0.000000 0.000000 0.000000 1.000000</float_array>
        <technique_common>
          <accessor source="#mixamorig12_Neck-Matrix-animation-output-transform-array" count="31" stride="16">
            <param type="float4x4"/>
          </accessor>
        </technique_common>
      </source>
      <source id="mixamorig12_Neck-Interpolations">
        <Name_array id="mixamorig12_Neck-Interpolations-array" count="31">
 LINEAR LINEAR LINEAR LINEAR LINEAR LINEAR LINEAR LINEAR LINEAR LINEAR LINEAR
LINEAR LINEAR LINEAR LINEAR LINEAR LINEAR LINEAR LINEAR LINEAR LINEAR LINEAR LINEAR
LINEAR LINEAR LINEAR LINEAR LINEAR LINEAR LINEAR LINEAR</Name_array>
        <technique_common>
          <accessor source="#mixamorig12_Neck-Interpolations-array" count="31">
            <param type="name"/>
          </accessor>
        </technique_common>
      </source>
      <sampler id="mixamorig12_Neck-Matrix-animation-transform">
        <input semantic="INPUT" source="#mixamorig12_Neck-Matrix-animation-input"/>
        <input semantic="OUTPUT" source="#mixamorig12_Neck-Matrix-animation-output-transform"/>
        <input semantic="INTERPOLATION" source="#mixamorig12_Neck-Interpolations"/>
      </sampler>
      <channel source="#mixamorig12_Neck-Matrix-animation-transform" target="mixamorig12_Neck/matrix"/>
    </animation>
    <animation id="mixamorig12_Head-anim" name="mixamorig12_Head">
      <source id="mixamorig12_Head-Matrix-animation-input">
        <float_array id="mixamorig12_Head-Matrix-animation-input-array" count="31">

0.000000 0.033333 0.066667 0.100000 0.133333 0.166667 0.200000 0.233333 0.266667 0.300000 0.333333 0.366667 0.400000 0.433333 0.466667 0.500000
0.533333 0.566667 0.600000 0.633333 0.666667 0.700000 0.733333 0.766667 0.800000 0.833333 0.866667 0.900000 0.933333 0.966667 1.000000</float_array>
        <technique_common>
          <accessor source="#mixamorig12_Head-Matrix-animation-input-array" count="31">
            <param name="TIME" type="float"/>
          </accessor>
        </technique_common>
      </source>
      <source id="mixamorig12_Head-Matrix-animation-output-transform">
        <float_array id="mixamorig12_Head-Matrix-animation-output-transform-array" count="496">

0.990981 0.080437 0.107177 0.000000 -0.054843 0.973204 -0.223309 7.383900 -0.122267 0.215417 0.968838 2.849900 0.000000 0.000000 0.000000 1.000000
0.990962 0.080656 0.107187 -0.000000 -0.054997 0.973089 -0.223772 7.383900 -0.122351 0.215854 0.968730 2.849900 0.000000 0.000000 0.000000 1.000000
0.990748 0.083202 0.107217 -0.000000 -0.057470 0.972909 -0.223931 7.383900 -0.122944 0.215698 0.968689 2.849900 0.000000 0.000000 0.000000 1.000000
0.990475 0.085876 0.107628 0.000000 -0.059978 0.972706 -0.224156 7.383900 -0.123940 0.215566 0.968592 2.849900 0.000000 0.000000 0.000000 1.000000
0.990270 0.087292 0.108372 0.000000 -0.061256 0.972716 -0.223766 7.383900 -0.124948 0.214951 0.968599 2.849900 0.000000 0.000000 0.000000 1.000000
0.990111 0.086893 0.110134 0.000000 -0.060607 0.972981 -0.222789 7.383900 -0.126517 0.213911 0.968626 2.849900 0.000000 0.000000 0.000000 1.000000
0.989974 0.084184 0.113423 0.000000 -0.057287 0.973278 -0.222368 7.383900 -0.129112 0.213641 0.968343 2.849900 0.000000 0.000000 0.000000 1.000000
0.989908 0.079328 0.117430 0.000000 -0.051641 0.973593 -0.222374 7.383900 -0.131969 0.214066 0.967864 2.849900 0.000000 0.000000 0.000000 1.000000
0.989959 0.072554 0.121310 0.000000 -0.044257 0.974161 -0.221475 7.383900 -0.134245 0.213882 0.967591 2.849900 0.000000 0.000000 0.000000 1.000000
0.990028 0.064488 0.125247 0.000000 -0.035526 0.974626 -0.221003 7.383900 -0.136321 0.214350 0.967197 2.849900 0.000000 0.000000 0.000000 1.000000
0.990139 0.063221 0.125011 0.000000 -0.034343 0.974689 -0.220911 7.383900 -0.135813 0.214440 0.967249 2.849900 0.000000 0.000000 0.000000 1.000000
0.990198 0.068380 0.121790 -0.000000 -0.040064 0.974375 -0.221332 7.383900 -0.133804 0.214283 0.967564 2.849900 0.000000 0.000000 0.000000 1.000000
0.990123 0.074487 0.118781 0.000000 -0.046559 0.973805 -0.222568 7.383900 -0.132248 0.214839 0.967654 2.849900 0.000000 0.000000 0.000000 1.000000
0.990085 0.076900 0.117549 -0.000000 -0.049094 0.973499 -0.223360 7.383900 -0.131610 0.215374 0.967622 2.849900 0.000000 0.000000 0.000000 1.000000
0.990081 0.078212 0.116715 -0.000000 -0.050535 0.973374 -0.223581 7.383900 -0.131094 0.215465 0.967672 2.849900 0.000000 0.000000 0.000000 1.000000
0.989872 0.081140 0.116485 0.000000 -0.053521 0.973311 -0.223162 7.383900 -0.131484 0.214668 0.967796 2.849900 0.000000 0.000000 0.000000 1.000000
0.989610 0.084604 0.116250 0.000000 -0.057013 0.973171 -0.222908 7.383900 -0.131990 0.213965 0.967883 2.849900 0.000000 0.000000 0.000000 1.000000
0.989671 0.085325 0.115198 0.000000 -0.057783 0.972841 -0.224148 7.383900 -0.131195 0.215176 0.967723 2.849900 0.000000 0.000000 0.000000 1.000000
0.989979 0.084183 0.113383 0.000000 -0.056763 0.972390 -0.226352 7.383900 -0.129307 0.217648 0.967424 2.849900 0.000000 0.000000 0.000000 1.000000
0.990256 0.082636 0.112091 0.000000 -0.055420 0.972275 -0.227179 7.383900 -0.127757 0.218753 0.967381 2.849900 0.000000 0.000000 0.000000 1.000000
0.990445 0.081736 0.111077 0.000000 -0.054841 0.972448 -0.226576 7.383900 -0.126536 0.218319 0.967639 2.849900 0.000000 0.000000 0.000000 1.000000
0.990586 0.082073 0.109559 0.000000 -0.055481 0.972363 -0.226784 7.383900 -0.125144 0.218571 0.967763 2.849900 0.000000 0.000000 0.000000 1.000000
0.990642 0.084662 0.107051 0.000000 -0.058253 0.971604 -0.229329 7.383900 -0.123427 0.220947 0.967444 2.849900 0.000000 0.000000 0.000000 1.000000
0.990453 0.088889 0.105366 -0.000000 -0.062485 0.970798 -0.231619 7.383900 -0.122878 0.222824 0.967083 2.849900 0.000000 0.000000 0.000000 1.000000
0.989929 0.093884 0.105955 -0.000000 -0.067360 0.970679 -0.230749 7.383900 -0.124512 0.221288 0.967227 2.849900 0.000000 0.000000 0.000000 1.000000
0.989438 0.098911 0.105966 0.000000 -0.072608 0.970884 -0.228281 7.383900 -0.125461 0.218176 0.967811 2.849900 0.000000 0.000000 0.000000 1.000000
0.989661 0.095097 0.107367 0.000000 -0.069139 0.972182 -0.223788 7.383900 -0.125662 0.214051 0.968706 2.849900 0.000000 0.000000 0.000000 1.000000
0.990325 0.085686 0.109153 0.000000 -0.059941 0.973562 -0.220420 7.383900 -0.125154 0.211744 0.969278 2.849900 0.000000 0.000000 0.000000 1.000000
0.990635 0.083263 0.108214 -0.000000 -0.057414 0.973094 -0.223139 7.383900 -0.123882 0.214836 0.968761 2.849900 0.000000 0.000000 0.000000 1.000000
0.990636 0.083443 0.108066 -0.000000 -0.057210 0.972360 -0.226370 7.383900 -0.123968 0.218068 0.968028 2.849900 0.000000 0.000000 0.000000 1.000000
