<?xml version="1.0" encoding="utf-8"?>
<COLLADA xmlns="http://www.collada.org/2005/11/COLLADASchema" version="1.4.1">
  <asset>
    <contributor>
      <author>Mixamo</author>
      <authoring_tool>COLLADA Mixamo exporter</authoring_tool>
      <comments/>
    </contributor>
    <created>2025-06-01T08:46:39Z</created>
    <modified>2025-06-01T08:46:39Z</modified>
    <revision/>
    <title/>
    <unit meter="0.010000"/>
    <up_axis>Y_UP</up_axis>
  </asset>
  <library_animations>
    <animation id="mixamorig12_Hips-anim" name="mixamorig12_Hips">
      <source id="mixamorig12_Hips-Matrix-animation-input">
        <float_array id="mixamorig12_Hips-Matrix-animation-input-array" count="32">

0.000000 0.033333 0.066667 0.100000 0.133333 0.166667 0.200000 0.233333 0.266667 0.300000 0.333333 0.366667 0.400000 0.433333 0.466667 0.500000
0.533333 0.566667 0.600000 0.633333 0.666667 0.700000 0.733333 0.766667 0.800000 0.833333 0.866667 0.900000 0.933333 0.966667 1.000000 1.033333</float_array>
        <technique_common>
          <accessor source="#mixamorig12_Hips-Matrix-animation-input-array" count="32">
            <param name="TIME" type="float"/>
          </accessor>
        </technique_common>
      </source>
      <source id="mixamorig12_Hips-Matrix-animation-output-transform">
        <float_array id="mixamorig12_Hips-Matrix-animation-output-transform-array" count="512">

0.538855 -0.024054 -0.842055 -0.308196 -0.159649 0.978561 -0.130118 77.879440 0.827132 0.204548 0.523462 -0.181910 0.000000 0.000000 0.000000 1.000000
0.544943 0.016562 -0.838310 -2.799057 -0.112100 0.992268 -0.053266 87.804276 0.830946 0.123001 0.542586 0.871281 0.000000 0.000000 0.000000 1.000000
0.546517 0.012750 -0.837351 -5.773383 -0.031490 0.999490 -0.005335 100.012444 0.836856 0.029284 0.546640 2.389144 0.000000 0.000000 0.000000 1.000000
0.541434 -0.027902 -0.840280 -8.378888 0.066366 0.997749 0.009631 109.488426 0.838120 -0.060981 0.542067 3.354037 0.000000 0.000000 0.000000 1.000000
0.540134 -0.014638 -0.841452 -8.259480 0.049676 0.998660 0.014515 119.359169 0.840112 -0.049641 0.540137 3.464626 0.000000 0.000000 0.000000 1.000000
0.537561 0.032085 -0.842614 -6.374862 -0.042391 0.999041 0.010998 126.061798 0.842158 0.029807 0.538406 3.077623 0.000000 0.000000 0.000000 1.000000
0.542084 0.025502 -0.839937 -4.482989 -0.076729 0.996866 -0.019254 131.776642 0.836814 0.074885 0.542342 1.852317 0.000000 0.000000 0.000000 1.000000
0.559120 0.011193 -0.829011 -2.497627 -0.112160 0.991738 -0.062255 136.418152 0.821465 0.127790 0.555756 0.590925 0.000000 0.000000 0.000000 1.000000
0.564256 -0.010994 -0.825527 -1.093694 -0.126819 0.986890 -0.099825 138.822601 0.815802 0.161019 0.555464 -0.113317 0.000000 0.000000 0.000000 1.000000
0.562395 -0.035823 -0.826092 -0.274030 -0.121745 0.984585 -0.125579 139.489960 0.817857 0.171198 0.549364 -0.452502 0.000000 0.000000 0.000000 1.000000
0.564046 -0.047155 -0.824396 0.275044 -0.113020 0.984564 -0.133644 138.944702 0.817972 0.168555 0.550010 -0.679275 0.000000 0.000000 0.000000 1.000000
0.567696 -0.052161 -0.821584 0.453960 -0.100946 0.986049 -0.132354 137.144608 0.817026 0.158073 0.554511 -0.896335 0.000000 0.000000 0.000000 1.000000
0.573080 -0.064170 -0.816983 0.174221 -0.080186 0.987755 -0.133831 133.802368 0.815567 0.142207 0.560917 -1.077089 0.000000 0.000000 0.000000 1.000000
0.579158 -0.078622 -0.811415 -0.383285 -0.055610 0.989210 -0.135542 128.719055 0.813316 0.123623 0.568537 -1.080677 0.000000 0.000000 0.000000 1.000000
0.583589 -0.084917 -0.807597 -1.028434 -0.030758 0.991492 -0.126480 121.824715 0.811466 0.098652 0.576013 -0.868222 0.000000 0.000000 0.000000 1.000000
0.591853 -0.081925 -0.801872 -1.951073 -0.000607 0.994776 -0.102082 112.560974 0.806046 0.060904 0.588711 -0.578343 0.000000 0.000000 0.000000 1.000000
0.599990 -0.053405 -0.798223 -2.817712 -0.011859 0.997066 -0.075622 101.504486 0.799920 0.054839 0.597596 -0.023258 0.000000 0.000000 0.000000 1.000000
0.596857 -0.013174 -0.802239 -2.611216 -0.075986 0.994443 -0.072862 90.117050 0.798741 0.104447 0.592540 0.346697 0.000000 0.000000 0.000000 1.000000
0.592247 -0.035883 -0.804957 -1.170313 -0.071941 0.992663 -0.097181 80.581772 0.802539 0.115465 0.585320 -0.166159 0.000000 0.000000 0.000000 1.000000
0.600547 -0.037144 -0.798726 0.381471 -0.086117 0.990105 -0.110794 74.227737 0.794938 0.135321 0.591406 -0.471704 0.000000 0.000000 0.000000 1.000000
0.628116 -0.034558 -0.777352 1.315632 -0.086708 0.989683 -0.114059 71.241318 0.773274 0.139045 0.618639 -0.522236 0.000000 0.000000 0.000000 1.000000
0.632079 -0.041533 -0.773790 1.921416 -0.089184 0.988028 -0.125883 70.333138 0.769755 0.148578 0.620808 -0.550890 0.000000 0.000000 0.000000 1.000000
0.624573 -0.038056 -0.780039 2.156013 -0.097663 0.987165 -0.126360 71.150360 0.774836 0.155102 0.612840 -0.447113 0.000000 0.000000 0.000000 1.000000
0.624813 -0.020864 -0.780496 1.960850 -0.105278 0.988263 -0.110696 73.511612 0.773644 0.151333 0.615283 -0.141611 0.000000 0.000000 0.000000 1.000000
0.620788 -0.003957 -0.783969 1.551766 -0.111976 0.989287 -0.093662 76.981216 0.775941 0.145930 0.613694 0.175117 0.000000 0.000000 0.000000 1.000000
0.613719 0.009397 -0.789469 1.103494 -0.114208 0.990469 -0.076993 81.113930 0.781221 0.137415 0.608942 0.400060 0.000000 0.000000 0.000000 1.000000
0.609216 0.017777 -0.792805 0.651432 -0.111748 0.991697 -0.063634 85.451706 0.785091 0.127362 0.606145 0.551197 0.000000 0.000000 0.000000 1.000000
0.604642 0.019271 -0.796264 0.242653 -0.107348 0.992558 -0.057493 89.420578 0.789231 0.120239 0.602211 0.640135 0.000000 0.000000 0.000000 1.000000
0.597393 0.018498 -0.801735 -0.074067 -0.103522 0.993148 -0.054223 92.350739 0.795239 0.115390 0.595214 0.717121 0.000000 0.000000 0.000000 1.000000
0.589988 0.020017 -0.807164 -0.285523 -0.101169 0.993647 -0.049307 94.112473 0.801049 0.110751 0.588265 0.744911 0.000000 0.000000 0.000000 1.000000
0.586292 0.025781 -0.809690 -0.383951 -0.100472 0.994091 -0.041099 94.845482 0.803845 0.105447 0.585418 0.682771 0.000000 0.000000 0.000000 1.000000
0.586191 0.034898 -0.809421 -0.329348 -0.102120 0.994286 -0.031088 94.932579 0.803711 0.100882 0.586406 0.524241 0.000000 0.000000 0.000000 1.000000</float_array>
        <technique_common>
          <accessor source="#mixamorig12_Hips-Matrix-animation-output-transform-array" count="32" stride="16">
            <param type="float4x4"/>
          </accessor>
        </technique_common>
      </source>
      <source id="mixamorig12_Hips-Interpolations">
        <Name_array id="mixamorig12_Hips-Interpolations-array" count="32">
 LINEAR LINEAR LINEAR LINEAR LINEAR LINEAR LINEAR LINEAR LINEAR LINEAR LINEAR
LINEAR LINEAR LINEAR LINEAR LINEAR LINEAR LINEAR LINEAR LINEAR LINEAR LINEAR LINEAR
LINEAR LINEAR LINEAR LINEAR LINEAR LINEAR LINEAR LINEAR LINEAR</Name_array>
        <technique_common>
          <accessor source="#mixamorig12_Hips-Interpolations-array" count="32">
            <param type="name"/>
          </accessor>
        </technique_common>
      </source>
      <sampler id="mixamorig12_Hips-Matrix-animation-transform">
        <input semantic="INPUT" source="#mixamorig12_Hips-Matrix-animation-input"/>
        <input semantic="OUTPUT" source="#mixamorig12_Hips-Matrix-animation-output-transform"/>
        <input semantic="INTERPOLATION" source="#mixamorig12_Hips-Interpolations"/>
      </sampler>
      <channel source="#mixamorig12_Hips-Matrix-animation-transform" target="mixamorig12_Hips/matrix"/>
    </animation>
    <animation id="mixamorig12_Spine-anim" name="mixamorig12_Spine">
      <source id="mixamorig12_Spine-Matrix-animation-input">
        <float_array id="mixamorig12_Spine-Matrix-animation-input-array" count="32">

0.000000 0.033333 0.066667 0.100000 0.133333 0.166667 0.200000 0.233333 0.266667 0.300000 0.333333 0.366667 0.400000 0.433333 0.466667 0.500000
0.533333 0.566667 0.600000 0.633333 0.666667 0.700000 0.733333 0.766667 0.800000 0.833333 0.866667 0.900000 0.933333 0.966667 1.000000 1.033333</float_array>
        <technique_common>
          <accessor source="#mixamorig12_Spine-Matrix-animation-input-array" count="32">
            <param name="TIME" type="float"/>
          </accessor>
        </technique_common>
      </source>
      <source id="mixamorig12_Spine-Matrix-animation-output-transform">
        <float_array id="mixamorig12_Spine-Matrix-animation-output-transform-array" count="512">

0.974631 -0.178887 0.134517 -0.000000 0.177657 0.983864 0.021189 10.052400 -0.136137 0.003247 0.990685 -1.105100 0.000000 0.000000 0.000000 1.000000
0.984288 -0.129329 0.120213 0.000000 0.127426 0.991572 0.023420 10.052400 -0.122228 -0.007734 0.992472 -1.105100 0.000000 0.000000 0.000000 1.000000
0.992363 -0.042906 0.115646 -0.000000 0.037536 0.998131 0.048227 10.052400 -0.117499 -0.043518 0.992119 -1.105100 0.000000 0.000000 0.000000 1.000000
0.988807 0.070221 0.131639 0.000000 -0.080724 0.993818 0.076218 10.052400 -0.125474 -0.085991 0.988363 -1.105100 0.000000 0.000000 0.000000 1.000000
0.989553 0.046263 0.136548 -0.000000 -0.058245 0.994668 0.085103 10.052400 -0.131883 -0.092167 0.986971 -1.105100 0.000000 0.000000 0.000000 1.000000
0.989507 -0.072031 0.125251 -0.000000 0.063013 0.995226 0.074536 10.052400 -0.130022 -0.065862 0.989321 -1.105100 0.000000 0.000000 0.000000 1.000000
0.985606 -0.114138 0.124712 0.000000 0.107590 0.992498 0.058062 10.052400 -0.130404 -0.043808 0.990493 -1.105100 0.000000 0.000000 0.000000 1.000000
0.979890 -0.153064 0.128010 0.000000 0.147308 0.987651 0.053337 10.052400 -0.134593 -0.033407 0.990338 -1.105100 0.000000 0.000000 0.000000 1.000000
0.975009 -0.172484 0.140021 0.000000 0.166581 0.984606 0.052931 10.052400 -0.146995 -0.028283 0.988733 -1.105100 0.000000 0.000000 0.000000 1.000000
0.972757 -0.174995 0.152052 0.000000 0.169012 0.984266 0.051525 10.052400 -0.158676 -0.024423 0.987029 -1.105100 0.000000 0.000000 0.000000 1.000000
0.972249 -0.173942 0.156448 -0.000000 0.168750 0.984586 0.045984 10.052400 -0.162035 -0.018307 0.986615 -1.105100 0.000000 0.000000 0.000000 1.000000
0.974658 -0.163848 0.152303 0.000000 0.159718 0.986390 0.039051 10.052400 -0.156628 -0.013736 0.987562 -1.105100 0.000000 0.000000 0.000000 1.000000
0.979831 -0.139886 0.142698 0.000000 0.135837 0.990011 0.037780 10.052400 -0.146557 -0.017635 0.989045 -1.105100 0.000000 0.000000 0.000000 1.000000
0.984901 -0.112272 0.131778 0.000000 0.107675 0.993318 0.041531 10.052400 -0.135561 -0.026715 0.990409 -1.105100 0.000000 0.000000 0.000000 1.000000
0.988811 -0.085997 0.121893 0.000000 0.081364 0.995778 0.042498 10.052400 -0.125033 -0.032105 0.991633 -1.105100 0.000000 0.000000 0.000000 1.000000
0.992200 -0.052919 0.112866 0.000000 0.048738 0.998031 0.039492 10.052400 -0.114734 -0.033684 0.992825 -1.105100 0.000000 0.000000 0.000000 1.000000
0.991133 -0.069657 0.113147 0.000000 0.064898 0.996867 0.045216 10.052400 -0.115943 -0.037472 0.992549 -1.105100 0.000000 0.000000 0.000000 1.000000
0.983158 -0.143593 0.113052 -0.000000 0.137682 0.988747 0.058500 10.052400 -0.120180 -0.041950 0.991865 -1.105100 0.000000 0.000000 0.000000 1.000000
0.985915 -0.128440 0.107116 0.000000 0.123592 0.991034 0.050761 10.052400 -0.112675 -0.036807 0.992950 -1.105100 0.000000 0.000000 0.000000 1.000000
0.983276 -0.141730 0.114375 0.000000 0.138661 0.989742 0.034403 10.052400 -0.118078 -0.017969 0.992842 -1.105100 0.000000 0.000000 0.000000 1.000000
0.982763 -0.147411 0.111567 0.000000 0.145723 0.989054 0.023173 10.052400 -0.113761 -0.006516 0.993487 -1.105100 0.000000 0.000000 0.000000 1.000000
0.983719 -0.142976 0.108884 0.000000 0.141298 0.989700 0.023011 10.052400 -0.111052 -0.007252 0.993788 -1.105100 0.000000 0.000000 0.000000 1.000000
0.984465 -0.137756 0.108865 0.000000 0.136026 0.990434 0.023196 10.052400 -0.111019 -0.008027 0.993786 -1.105100 0.000000 0.000000 0.000000 1.000000
0.985436 -0.133014 0.105940 0.000000 0.131075 0.991055 0.025091 10.052400 -0.108330 -0.010840 0.994056 -1.105100 0.000000 0.000000 0.000000 1.000000
0.986582 -0.125015 0.105014 0.000000 0.122341 0.991986 0.031558 10.052400 -0.108118 -0.018287 0.993970 -1.105100 0.000000 0.000000 0.000000 1.000000
0.988195 -0.112281 0.104229 0.000000 0.108970 0.993358 0.036951 10.052400 -0.107685 -0.025157 0.993867 -1.105100 0.000000 0.000000 0.000000 1.000000
0.989836 -0.097933 0.103122 0.000000 0.094057 0.994689 0.041805 10.052400 -0.106668 -0.031681 0.993790 -1.105100 0.000000 0.000000 0.000000 1.000000
0.991137 -0.083149 0.103607 0.000000 0.078441 0.995727 0.048727 10.052400 -0.107216 -0.040168 0.993424 -1.105100 0.000000 0.000000 0.000000 1.000000
0.991806 -0.070753 0.106369 0.000000 0.065062 0.996306 0.056052 10.052400 -0.109942 -0.048672 0.992746 -1.105100 0.000000 0.000000 0.000000 1.000000
0.992028 -0.061452 0.110016 -0.000000 0.054879 0.996578 0.061815 10.052400 -0.113439 -0.055284 0.992006 -1.105100 0.000000 0.000000 0.000000 1.000000
0.992203 -0.054557 0.112055 -0.000000 0.047469 0.996757 0.064977 10.052400 -0.115236 -0.059152 0.991575 -1.105100 0.000000 0.000000 0.000000 1.000000
0.992381 -0.051075 0.112120 0.000000 0.043951 0.996910 0.065111 10.052400 -0.115099 -0.059687 0.991559 -1.105100 0.000000 0.000000 0.000000 1.000000</float_array>
        <technique_common>
          <accessor source="#mixamorig12_Spine-Matrix-animation-output-transform-array" count="32" stride="16">
            <param type="float4x4"/>
          </accessor>
        </technique_common>
      </source>
      <source id="mixamorig12_Spine-Interpolations">
        <Name_array id="mixamorig12_Spine-Interpolations-array" count="32">
 LINEAR LINEAR LINEAR LINEAR LINEAR LINEAR LINEAR LINEAR LINEAR LINEAR LINEAR
LINEAR LINEAR LINEAR LINEAR LINEAR LINEAR LINEAR LINEAR LINEAR LINEAR LINEAR LINEAR
LINEAR LINEAR LINEAR LINEAR LINEAR LINEAR LINEAR LINEAR LINEAR</Name_array>
        <technique_common>
          <accessor source="#mixamorig12_Spine-Interpolations-array" count="32">
            <param type="name"/>
          </accessor>
        </technique_common>
      </source>
      <sampler id="mixamorig12_Spine-Matrix-animation-transform">
        <input semantic="INPUT" source="#mixamorig12_Spine-Matrix-animation-input"/>
        <input semantic="OUTPUT" source="#mixamorig12_Spine-Matrix-animation-output-transform"/>
        <input semantic="INTERPOLATION" source="#mixamorig12_Spine-Interpolations"/>
      </sampler>
      <channel source="#mixamorig12_Spine-Matrix-animation-transform" target="mixamorig12_Spine/matrix"/>
    </animation>
    <animation id="mixamorig12_Spine1-anim" name="mixamorig12_Spine1">
      <source id="mixamorig12_Spine1-Matrix-animation-input">
        <float_array id="mixamorig12_Spine1-Matrix-animation-input-array" count="32">

0.000000 0.033333 0.066667 0.100000 0.133333 0.166667 0.200000 0.233333 0.266667 0.300000 0.333333 0.366667 0.400000 0.433333 0.466667 0.500000
0.533333 0.566667 0.600000 0.633333 0.666667 0.700000 0.733333 0.766667 0.800000 0.833333 0.866667 0.900000 0.933333 0.966667 1.000000 1.033333</float_array>
        <technique_common>
          <accessor source="#mixamorig12_Spine1-Matrix-animation-input-array" count="32">
            <param name="TIME" type="float"/>
          </accessor>
        </technique_common>
      </source>
      <source id="mixamorig12_Spine1-Matrix-animation-output-transform">
        <float_array id="mixamorig12_Spine1-Matrix-animation-output-transform-array" count="512">

0.991493 -0.031387 0.126318 0.000000 0.044493 0.993758 -0.102305 11.798400 -0.122319 0.107055 0.986700 -0.000000 0.000000 0.000000 0.000000 1.000000
0.991017 -0.015527 0.132829 0.000000 0.028714 0.994778 -0.097945 11.798400 -0.130614 0.100879 0.986288 0.000000 0.000000 0.000000 0.000000 1.000000
0.990345 0.004022 0.138563 0.000000 0.005288 0.997755 -0.066755 11.798400 -0.138520 0.066843 0.988101 0.000000 0.000000 0.000000 0.000000 1.000000
0.989536 0.020243 0.142858 0.000000 -0.016605 0.999508 -0.026618 11.798400 -0.143327 0.023968 0.989385 0.000000 0.000000 0.000000 0.000000 1.000000
0.988752 0.014351 0.148876 0.000000 -0.011668 0.999754 -0.018881 11.798400 -0.149110 0.016931 0.988676 0.000000 0.000000 0.000000 0.000000 1.000000
0.987864 -0.003177 0.155289 -0.000000 0.009554 0.999140 -0.040342 11.798400 -0.155027 0.041336 0.987045 0.000000 0.000000 0.000000 0.000000 1.000000
0.988061 -0.009572 0.153763 0.000000 0.018999 0.998020 -0.059954 11.798400 -0.152884 0.062159 0.986287 0.000000 0.000000 0.000000 0.000000 1.000000
0.989179 -0.016987 0.145725 0.000000 0.027308 0.997234 -0.069122 11.798400 -0.144148 0.072354 0.986907 0.000000 0.000000 0.000000 0.000000 1.000000
0.989951 -0.021180 0.139815 0.000000 0.031532 0.996889 -0.072243 11.798400 -0.137849 0.075925 0.987539 0.000000 0.000000 0.000000 0.000000 1.000000
0.990099 -0.022011 0.138636 -0.000000 0.032579 0.996694 -0.074427 11.798400 -0.136539 0.078206 0.987543 0.000000 0.000000 0.000000 0.000000 1.000000
0.990065 -0.023964 0.138553 0.000000 0.035322 0.996160 -0.080106 11.798400 -0.136101 0.084204 0.987110 0.000000 0.000000 0.000000 0.000000 1.000000
0.990202 -0.025095 0.137369 -0.000000 0.037108 0.995638 -0.085600 11.798400 -0.134622 0.089859 0.986814 -0.000000 0.000000 0.000000 0.000000 1.000000
0.990441 -0.023063 0.135997 0.000000 0.034643 0.995913 -0.083409 11.798400 -0.133517 0.087323 0.987192 0.000000 0.000000 0.000000 0.000000 1.000000
0.990699 -0.019427 0.134679 0.000000 0.029861 0.996669 -0.075890 11.798400 -0.132757 0.079206 0.987979 0.000000 0.000000 0.000000 0.000000 1.000000
0.990979 -0.016075 0.133050 0.000000 0.025796 0.997095 -0.071660 11.798400 -0.131512 0.074446 0.988515 0.000000 0.000000 0.000000 0.000000 1.000000
0.991309 -0.010855 0.131103 0.000000 0.020310 0.997269 -0.071001 11.798400 -0.129974 0.073047 0.988823 0.000000 0.000000 0.000000 0.000000 1.000000
0.991823 -0.010783 0.127161 -0.000000 0.019377 0.997596 -0.066539 11.798400 -0.126138 0.068459 0.989648 0.000000 0.000000 0.000000 0.000000 1.000000
0.992115 -0.022748 0.123247 0.000000 0.030300 0.997753 -0.059752 11.798400 -0.121611 0.063016 0.990575 0.000000 0.000000 0.000000 0.000000 1.000000
0.991584 -0.031059 0.125683 -0.000000 0.039572 0.997047 -0.065813 11.798400 -0.123268 0.070233 0.989885 0.000000 0.000000 0.000000 0.000000 1.000000
0.991164 -0.036484 0.127526 0.000000 0.047242 0.995481 -0.082382 11.798400 -0.123944 0.087678 0.988408 -0.000000 0.000000 0.000000 0.000000 1.000000
0.991871 -0.035714 0.122129 0.000000 0.047314 0.994501 -0.093435 11.798400 -0.118120 0.098454 0.988106 0.000000 0.000000 0.000000 0.000000 1.000000
0.992210 -0.032839 0.120174 0.000000 0.044226 0.994650 -0.093352 11.798400 -0.116466 0.097939 0.988354 0.000000 0.000000 0.000000 0.000000 1.000000
0.992191 -0.030668 0.120898 0.000000 0.042076 0.994780 -0.092967 11.798400 -0.117416 0.097328 0.988302 0.000000 0.000000 0.000000 0.000000 1.000000
0.992248 -0.029010 0.120844 0.000000 0.040155 0.995056 -0.090836 11.798400 -0.117612 0.094984 0.988507 0.000000 0.000000 0.000000 0.000000 1.000000
0.992007 -0.026715 0.123324 0.000000 0.037276 0.995757 -0.084138 11.798400 -0.120553 0.088062 0.988793 0.000000 0.000000 0.000000 0.000000 1.000000
0.991798 -0.023304 0.125676 0.000000 0.033321 0.996381 -0.078201 11.798400 -0.123399 0.081747 0.988984 0.000000 0.000000 0.000000 0.000000 1.000000
0.991820 -0.018520 0.126297 0.000000 0.027851 0.996978 -0.072525 11.798400 -0.124572 0.075449 0.989338 -0.000000 0.000000 0.000000 0.000000 1.000000
0.991758 -0.013804 0.127378 -0.000000 0.022166 0.997674 -0.064462 11.798400 -0.126192 0.066754 0.989757 0.000000 0.000000 0.000000 0.000000 1.000000
0.991434 -0.010644 0.130177 0.000000 0.018058 0.998273 -0.055906 11.798400 -0.129357 0.057778 0.989913 0.000000 0.000000 0.000000 0.000000 1.000000
0.990957 -0.008794 0.133888 0.000000 0.015505 0.998670 -0.049165 11.798400 -0.133278 0.050797 0.989776 -0.000000 0.000000 0.000000 0.000000 1.000000
0.990623 -0.007974 0.136388 -0.000000 0.014287 0.998868 -0.045371 11.798400 -0.135872 0.046894 0.989616 -0.000000 0.000000 0.000000 0.000000 1.000000
0.990546 -0.007883 0.136952 0.000000 0.014178 0.998884 -0.045052 11.798400 -0.136444 0.046568 0.989553 -0.000000 0.000000 0.000000 0.000000 1.000000</float_array>
        <technique_common>
          <accessor source="#mixamorig12_Spine1-Matrix-animation-output-transform-array" count="32" stride="16">
            <param type="float4x4"/>
          </accessor>
        </technique_common>
      </source>
      <source id="mixamorig12_Spine1-Interpolations">
        <Name_array id="mixamorig12_Spine1-Interpolations-array" count="32">
 LINEAR LINEAR LINEAR LINEAR LINEAR LINEAR LINEAR LINEAR LINEAR LINEAR LINEAR
LINEAR LINEAR LINEAR LINEAR LINEAR LINEAR LINEAR LINEAR LINEAR LINEAR LINEAR LINEAR
LINEAR LINEAR LINEAR LINEAR LINEAR LINEAR LINEAR LINEAR LINEAR</Name_array>
        <technique_common>
          <accessor source="#mixamorig12_Spine1-Interpolations-array" count="32">
            <param type="name"/>
          </accessor>
        </technique_common>
      </source>
      <sampler id="mixamorig12_Spine1-Matrix-animation-transform">
        <input semantic="INPUT" source="#mixamorig12_Spine1-Matrix-animation-input"/>
        <input semantic="OUTPUT" source="#mixamorig12_Spine1-Matrix-animation-output-transform"/>
        <input semantic="INTERPOLATION" source="#mixamorig12_Spine1-Interpolations"/>
      </sampler>
      <channel source="#mixamorig12_Spine1-Matrix-animation-transform" target="mixamorig12_Spine1/matrix"/>
    </animation>
    <animation id="mixamorig12_Spine2-anim" name="mixamorig12_Spine2">
      <source id="mixamorig12_Spine2-Matrix-animation-input">
        <float_array id="mixamorig12_Spine2-Matrix-animation-input-array" count="32">

0.000000 0.033333 0.066667 0.100000 0.133333 0.166667 0.200000 0.233333 0.266667 0.300000 0.333333 0.366667 0.400000 0.433333 0.466667 0.500000
0.533333 0.566667 0.600000 0.633333 0.666667 0.700000 0.733333 0.766667 0.800000 0.833333 0.866667 0.900000 0.933333 0.966667 1.000000 1.033333</float_array>
        <technique_common>
          <accessor source="#mixamorig12_Spine2-Matrix-animation-input-array" count="32">
            <param name="TIME" type="float"/>
          </accessor>
        </technique_common>
      </source>
      <source id="mixamorig12_Spine2-Matrix-animation-output-transform">
        <float_array id="mixamorig12_Spine2-Matrix-animation-output-transform-array" count="512">

0.991401 -0.027631 0.127912 0.000000 0.040953 0.993867 -0.102724 13.483900 -0.124289 0.107079 0.986451 0.000000 0.000000 0.000000 0.000000 1.000000
0.990979 -0.012479 0.133433 0.000000 0.025828 0.994773 -0.098787 13.483900 -0.131503 0.101342 0.986122 0.000000 0.000000 0.000000 0.000000 1.000000
0.990387 0.006442 0.138174 -0.000000 0.003080 0.997640 -0.068588 13.483900 -0.138290 0.068354 0.988030 0.000000 0.000000 0.000000 0.000000 1.000000
0.989588 0.022339 0.142186 0.000000 -0.018329 0.999398 -0.029450 13.483900 -0.142758 0.026537 0.989402 0.000000 0.000000 0.000000 0.000000 1.000000
0.988797 0.016310 0.148370 -0.000000 -0.013301 0.999686 -0.021252 13.483900 -0.148670 0.019041 0.988704 0.000000 0.000000 0.000000 0.000000 1.000000
0.987855 -0.000761 0.155376 -0.000000 0.007288 0.999114 -0.041443 13.483900 -0.155207 0.042072 0.986986 0.000000 0.000000 0.000000 0.000000 1.000000
0.987996 -0.006616 0.154340 0.000000 0.016146 0.998033 -0.060573 13.483900 -0.153636 0.062337 0.986159 0.000000 0.000000 0.000000 0.000000 1.000000
0.989046 -0.013986 0.146945 0.000000 0.024386 0.997304 -0.069215 13.483900 -0.145580 0.072040 0.986720 0.000000 0.000000 0.000000 0.000000 1.000000
0.989761 -0.018100 0.141583 0.000000 0.028543 0.996990 -0.072080 13.483900 -0.139852 0.075383 0.987299 -0.000000 0.000000 0.000000 0.000000 1.000000
0.989881 -0.018855 0.140640 -0.000000 0.029530 0.996806 -0.074208 13.483900 -0.138792 0.077610 0.987276 0.000000 0.000000 0.000000 0.000000 1.000000
0.989828 -0.020850 0.140733 -0.000000 0.032345 0.996278 -0.079898 13.483900 -0.138543 0.083637 0.986818 0.000000 0.000000 0.000000 0.000000 1.000000
0.989967 -0.022009 0.139577 -0.000000 0.034201 0.995746 -0.085560 13.483900 -0.137100 0.089476 0.986508 0.000000 0.000000 0.000000 0.000000 1.000000
0.990257 -0.019962 0.137816 0.000000 0.031734 0.995981 -0.083757 13.483900 -0.135590 0.087315 0.986910 0.000000 0.000000 0.000000 0.000000 1.000000
0.990579 -0.016290 0.135974 -0.000000 0.026911 0.996695 -0.076643 13.483900 -0.134276 0.079580 0.987743 -0.000000 0.000000 0.000000 0.000000 1.000000
0.990902 -0.012878 0.133965 0.000000 0.022801 0.997085 -0.072806 13.483900 -0.132637 0.075199 0.988308 -0.000000 0.000000 0.000000 0.000000 1.000000
0.991273 -0.007539 0.131608 0.000000 0.017222 0.997213 -0.072586 13.483900 -0.130694 0.074219 0.988641 -0.000000 0.000000 0.000000 0.000000 1.000000
0.991780 -0.007267 0.127750 -0.000000 0.016079 0.997550 -0.068084 13.483900 -0.126943 0.069578 0.989467 0.000000 0.000000 0.000000 0.000000 1.000000
0.992076 -0.019099 0.124182 0.000000 0.026794 0.997803 -0.060595 13.483900 -0.122752 0.063442 0.990408 0.000000 0.000000 0.000000 0.000000 1.000000
0.991618 -0.027686 0.126200 0.000000 0.036344 0.997103 -0.066822 13.483900 -0.123984 0.070849 0.989752 0.000000 0.000000 0.000000 0.000000 1.000000
0.991172 -0.032950 0.128420 0.000000 0.043880 0.995563 -0.083241 13.483900 -0.125107 0.088141 0.988220 0.000000 0.000000 0.000000 0.000000 1.000000
0.991816 -0.031916 0.123621 0.000000 0.043758 0.994582 -0.094298 13.483900 -0.119941 0.098936 0.987839 0.000000 0.000000 0.000000 0.000000 1.000000
0.992126 -0.029013 0.121833 0.000000 0.040660 0.994720 -0.094225 13.483900 -0.118456 0.098437 0.988068 0.000000 0.000000 0.000000 0.000000 1.000000
0.992093 -0.026870 0.122593 -0.000000 0.038538 0.994842 -0.093827 13.483900 -0.119439 0.097810 0.988012 0.000000 0.000000 0.000000 0.000000 1.000000
0.992152 -0.025247 0.122462 0.000000 0.036646 0.995108 -0.091741 13.483900 -0.119547 0.095509 0.988224 0.000000 0.000000 0.000000 0.000000 1.000000
0.991939 -0.023079 0.124596 0.000000 0.033857 0.995798 -0.085091 13.483900 -0.122109 0.088624 0.988552 0.000000 0.000000 0.000000 0.000000 1.000000
0.991761 -0.019800 0.126566 0.000000 0.030007 0.996402 -0.079258 13.483900 -0.124542 0.082403 0.988787 0.000000 0.000000 0.000000 0.000000 1.000000
0.991796 -0.015073 0.126938 0.000000 0.024589 0.996975 -0.073736 13.483900 -0.125443 0.076252 0.989166 0.000000 0.000000 0.000000 0.000000 1.000000
0.991741 -0.010389 0.127835 0.000000 0.018935 0.997652 -0.065818 13.483900 -0.126851 0.067695 0.989609 0.000000 0.000000 0.000000 0.000000 1.000000
0.991423 -0.007266 0.130491 -0.000000 0.014864 0.998244 -0.057346 13.483900 -0.129846 0.058793 0.989790 0.000000 0.000000 0.000000 0.000000 1.000000
0.990953 -0.005478 0.134097 0.000000 0.012375 0.998640 -0.050654 13.483900 -0.133637 0.051855 0.989673 0.000000 0.000000 0.000000 0.000000 1.000000
0.990625 -0.004732 0.136529 -0.000000 0.011234 0.998837 -0.046897 13.483900 -0.136148 0.047991 0.989525 0.000000 0.000000 0.000000 0.000000 1.000000
0.990550 -0.004695 0.137069 0.000000 0.011182 0.998851 -0.046594 13.483900 -0.136692 0.047686 0.989465 0.000000 0.000000 0.000000 0.000000 1.000000</float_array>
        <technique_common>
          <accessor source="#mixamorig12_Spine2-Matrix-animation-output-transform-array" count="32" stride="16">
            <param type="float4x4"/>
          </accessor>
        </technique_common>
      </source>
      <source id="mixamorig12_Spine2-Interpolations">
        <Name_array id="mixamorig12_Spine2-Interpolations-array" count="32">
 LINEAR LINEAR LINEAR LINEAR LINEAR LINEAR LINEAR LINEAR LINEAR LINEAR LINEAR
LINEAR LINEAR LINEAR LINEAR LINEAR LINEAR LINEAR LINEAR LINEAR LINEAR LINEAR LINEAR
LINEAR LINEAR LINEAR LINEAR LINEAR LINEAR LINEAR LINEAR LINEAR</Name_array>
        <technique_common>
          <accessor source="#mixamorig12_Spine2-Interpolations-array" count="32">
            <param type="name"/>
          </accessor>
        </technique_common>
      </source>
      <sampler id="mixamorig12_Spine2-Matrix-animation-transform">
        <input semantic="INPUT" source="#mixamorig12_Spine2-Matrix-animation-input"/>
        <input semantic="OUTPUT" source="#mixamorig12_Spine2-Matrix-animation-output-transform"/>
        <input semantic="INTERPOLATION" source="#mixamorig12_Spine2-Interpolations"/>
      </sampler>
      <channel source="#mixamorig12_Spine2-Matrix-animation-transform" target="mixamorig12_Spine2/matrix"/>
    </animation>
    <animation id="mixamorig12_Neck-anim" name="mixamorig12_Neck">
      <source id="mixamorig12_Neck-Matrix-animation-input">
        <float_array id="mixamorig12_Neck-Matrix-animation-input-array" count="32">

0.000000 0.033333 0.066667 0.100000 0.133333 0.166667 0.200000 0.233333 0.266667 0.300000 0.333333 0.366667 0.400000 0.433333 0.466667 0.500000
0.533333 0.566667 0.600000 0.633333 0.666667 0.700000 0.733333 0.766667 0.800000 0.833333 0.866667 0.900000 0.933333 0.966667 1.000000 1.033333</float_array>
        <technique_common>
          <accessor source="#mixamorig12_Neck-Matrix-animation-input-array" count="32">
            <param name="TIME" type="float"/>
          </accessor>
        </technique_common>
      </source>
      <source id="mixamorig12_Neck-Matrix-animation-output-transform">
        <float_array id="mixamorig12_Neck-Matrix-animation-output-transform-array" count="512">

0.990591 0.057793 0.124055 0.000000 -0.051887 0.997384 -0.050331 15.169400 -0.126639 0.043420 0.990998 -0.000000 0.000000 0.000000 0.000000 1.000000
0.992625 0.038563 0.114932 0.000000 -0.031038 0.997300 -0.066556 15.169400 -0.117188 0.062498 0.991141 0.000000 0.000000 0.000000 0.000000 1.000000
0.993635 0.037907 0.106079 -0.000000 -0.023737 0.990993 -0.131790 15.169400 -0.110119 0.128433 0.985585 0.000000 0.000000 0.000000 0.000000 1.000000
0.994818 0.028178 0.097690 0.000000 -0.010433 0.984047 -0.177602 15.169400 -0.101136 0.175663 0.979242 0.000000 0.000000 0.000000 0.000000 1.000000
0.994647 0.041219 0.094756 0.000000 -0.020157 0.976777 -0.213310 15.169400 -0.101348 0.210258 0.972379 0.000000 0.000000 0.000000 0.000000 1.000000
0.991367 0.082884 0.101594 0.000000 -0.063511 0.981441 -0.180944 15.169400 -0.114705 0.172930 0.978232 0.000000 0.000000 0.000000 0.000000 1.000000
0.988952 0.101390 0.108141 0.000000 -0.080814 0.980327 -0.180078 15.169400 -0.124271 0.169349 0.977690 0.000000 0.000000 0.000000 0.000000 1.000000
0.989224 0.101659 0.105361 0.000000 -0.075261 0.970361 -0.229642 15.169400 -0.125583 0.219238 0.967555 0.000000 0.000000 0.000000 0.000000 1.000000
0.989641 0.100193 0.102820 0.000000 -0.069491 0.961017 -0.267616 15.169400 -0.125625 0.257698 0.958024 -0.000000 0.000000 0.000000 0.000000 1.000000
0.988726 0.108284 0.103418 0.000000 -0.074627 0.955138 -0.286606 15.169400 -0.129813 0.275657 0.952450 0.000000 0.000000 0.000000 0.000000 1.000000
0.987805 0.115960 0.103901 0.000000 -0.080358 0.951271 -0.297701 15.169400 -0.133360 0.285721 0.948988 0.000000 0.000000 0.000000 0.000000 1.000000
0.987513 0.117452 0.104992 0.000000 -0.080222 0.948482 -0.306506 15.169400 -0.135583 0.294256 0.946061 0.000000 0.000000 0.000000 0.000000 1.000000
0.987375 0.116109 0.107747 0.000000 -0.077099 0.946482 -0.313413 15.169400 -0.138371 0.301149 0.943484 0.000000 0.000000 0.000000 0.000000 1.000000
0.987028 0.115074 0.111951 0.000000 -0.075281 0.947635 -0.310354 15.169400 -0.141803 0.297901 0.944006 0.000000 0.000000 0.000000 0.000000 1.000000
0.986264 0.116820 0.116777 -0.000000 -0.078309 0.953163 -0.292143 15.169400 -0.145436 0.278985 0.949218 0.000000 0.000000 0.000000 0.000000 1.000000
0.986224 0.112671 0.121113 0.000000 -0.077979 0.962372 -0.260305 15.169400 -0.145885 0.247275 0.957900 0.000000 0.000000 0.000000 0.000000 1.000000
0.986312 0.110382 0.122495 -0.000000 -0.077183 0.965530 -0.248586 15.169400 -0.145712 0.235729 0.960833 0.000000 0.000000 0.000000 0.000000 1.000000
0.985767 0.113653 0.123877 0.000000 -0.078171 0.962234 -0.260759 15.169400 -0.148834 0.247364 0.957423 0.000000 0.000000 0.000000 0.000000 1.000000
0.985847 0.110485 0.126091 0.000000 -0.076788 0.966168 -0.246218 15.169400 -0.149028 0.233051 0.960978 -0.000000 0.000000 0.000000 0.000000 1.000000
0.987195 0.099919 0.124346 -0.000000 -0.069895 0.971647 -0.225868 15.169400 -0.143389 0.214285 0.966189 -0.000000 0.000000 0.000000 0.000000 1.000000
0.988362 0.092289 0.120930 -0.000000 -0.061463 0.969441 -0.237501 15.169400 -0.139153 0.227305 0.963830 0.000000 0.000000 0.000000 0.000000 1.000000
0.988074 0.096139 0.120280 0.000000 -0.062649 0.964560 -0.256319 15.169400 -0.140660 0.245726 0.959079 -0.000000 0.000000 0.000000 0.000000 1.000000
0.987203 0.104233 0.120687 0.000000 -0.069253 0.961946 -0.264317 15.169400 -0.143645 0.252577 0.956855 -0.000000 0.000000 0.000000 0.000000 1.000000
0.986852 0.107584 0.120622 -0.000000 -0.071632 0.960111 -0.270287 15.169400 -0.144889 0.258093 0.955194 -0.000000 0.000000 0.000000 0.000000 1.000000
0.987372 0.103983 0.119514 0.000000 -0.067605 0.958854 -0.275732 15.169400 -0.143268 0.264170 0.953776 -0.000000 0.000000 0.000000 0.000000 1.000000
0.988168 0.097292 0.118568 0.000000 -0.060882 0.958363 -0.278986 15.169400 -0.140774 0.268466 0.952947 0.000000 0.000000 0.000000 0.000000 1.000000
0.988773 0.090774 0.118696 -0.000000 -0.053776 0.957279 -0.284121 15.169400 -0.139416 0.274548 0.951413 0.000000 0.000000 0.000000 0.000000 1.000000
0.989204 0.085681 0.118888 0.000000 -0.047542 0.955022 -0.292698 15.169400 -0.138620 0.283886 0.948785 -0.000000 0.000000 0.000000 0.000000 1.000000
0.989438 0.083578 0.118440 0.000000 -0.044574 0.952885 -0.300038 15.169400 -0.137936 0.291589 0.946546 0.000000 0.000000 0.000000 0.000000 1.000000
0.989631 0.082655 0.117467 0.000000 -0.043004 0.950821 -0.306740 15.169400 -0.137043 0.298508 0.944517 -0.000000 0.000000 0.000000 0.000000 1.000000
0.989893 0.080025 0.117079 -0.000000 -0.039834 0.949238 -0.312027 15.169400 -0.136106 0.304210 0.942832 0.000000 0.000000 0.000000 0.000000 1.000000
0.989989 0.077267 0.118117 0.000000 -0.036660 0.948895 -0.313457 15.169400 -0.136300 0.305989 0.942228 0.000000 0.000000 0.000000 0.000000 1.000000</float_array>
        <technique_common>
          <accessor source="#mixamorig12_Neck-Matrix-animation-output-transform-array" count="32" stride="16">
            <param type="float4x4"/>
          </accessor>
        </technique_common>
      </source>
      <source id="mixamorig12_Neck-Interpolations">
        <Name_array id="mixamorig12_Neck-Interpolations-array" count="32">
 LINEAR LINEAR LINEAR LINEAR LINEAR LINEAR LINEAR LINEAR LINEAR LINEAR LINEAR
LINEAR LINEAR LINEAR LINEAR LINEAR LINEAR LINEAR LINEAR LINEAR LINEAR LINEAR LINEAR
LINEAR LINEAR LINEAR LINEAR LINEAR LINEAR LINEAR LINEAR LINEAR</Name_array>
        <technique_common>
          <accessor source="#mixamorig12_Neck-Interpolations-array" count="32">
            <param type="name"/>
          </accessor>
        </technique_common>
      </source>
      <sampler id="mixamorig12_Neck-Matrix-animation-transform">
        <input semantic="INPUT" source="#mixamorig12_Neck-Matrix-animation-input"/>
        <input semantic="OUTPUT" source="#mixamorig12_Neck-Matrix-animation-output-transform"/>
        <input semantic="INTERPOLATION" source="#mixamorig12_Neck-Interpolations"/>
      </sampler>
      <channel source="#mixamorig12_Neck-Matrix-animation-transform" target="mixamorig12_Neck/matrix"/>
    </animation>
    <animation id="mixamorig12_Head-anim" name="mixamorig12_Head">
      <source id="mixamorig12_Head-Matrix-animation-input">
        <float_array id="mixamorig12_Head-Matrix-animation-input-array" count="32">

0.000000 0.033333 0.066667 0.100000 0.133333 0.166667 0.200000 0.233333 0.266667 0.300000 0.333333 0.366667 0.400000 0.433333 0.466667 0.500000
0.533333 0.566667 0.600000 0.633333 0.666667 0.700000 0.733333 0.766667 0.800000 0.833333 0.866667 0.900000 0.933333 0.966667 1.000000 1.033333</float_array>
        <technique_common>
          <accessor source="#mixamorig12_Head-Matrix-animation-input-array" count="32">
            <param name="TIME" type="float"/>
          </accessor>
        </technique_common>
      </source>
      <source id="mixamorig12_Head-Matrix-animation-output-transform">
        <float_array id="mixamorig12_Head-Matrix-animation-output-transform-array" count="512">

0.989357 0.091270 0.113328 0.000000 -0.072239 0.984151 -0.161951 7.383900 -0.126313 0.152040 0.980270 2.849900 0.000000 0.000000 0.000000 1.000000
0.990986 0.077074 0.109575 0.000000 -0.058022 0.984162 -0.167505 7.383900 -0.120750 0.159637 0.979763 2.849900 0.000000 0.000000 0.000000 1.000000
0.992007 0.074602 0.101765 -0.000000 -0.054463 0.980658 -0.188002 7.383900 -0.113821 0.180957 0.976882 2.849900 0.000000 0.000000 0.000000 1.000000
0.992696 0.071294 0.097324 0.000000 -0.051600 0.980106 -0.191650 7.383900 -0.109052 0.185228 0.976626 2.849900 0.000000 0.000000 0.000000 1.000000
0.993043 0.074480 0.091205 -0.000000 -0.055074 0.978385 -0.199322 7.383900 -0.104079 0.192912 0.975680 2.849900 0.000000 0.000000 0.000000 1.000000
0.992552 0.085399 0.086874 0.000000 -0.067293 0.978818 -0.193356 7.383900 -0.101546 0.186070 0.977275 2.849900 0.000000 0.000000 0.000000 1.000000
0.991585 0.093819 0.089205 0.000000 -0.074426 0.976932 -0.200160 7.383900 -0.105926 0.191836 0.975694 2.849900 0.000000 0.000000 0.000000 1.000000
0.991182 0.099096 0.087970 0.000000 -0.076956 0.970932 -0.226646 7.383900 -0.107872 0.217877 0.969996 2.849900 0.000000 0.000000 0.000000 1.000000
0.991046 0.101700 0.086518 0.000000 -0.077232 0.965190 -0.249887 7.383900 -0.108920 0.240967 0.964402 2.849900 0.000000 0.000000 0.000000 1.000000
0.990571 0.106551 0.086118 0.000000 -0.080731 0.961836 -0.261445 7.383900 -0.110689 0.252027 0.961369 2.849900 0.000000 0.000000 0.000000 1.000000
0.990255 0.109905 0.085533 0.000000 -0.083699 0.960548 -0.265221 7.383900 -0.111308 0.255478 0.960386 2.849900 0.000000 0.000000 0.000000 1.000000
0.990171 0.109852 0.086568 0.000000 -0.083159 0.960070 -0.267115 7.383900 -0.112454 0.257290 0.959769 2.849900 0.000000 0.000000 0.000000 1.000000
0.990100 0.107862 0.089824 0.000000 -0.080276 0.960066 -0.268009 7.383900 -0.115145 0.258145 0.959220 2.849900 0.000000 0.000000 0.000000 1.000000
0.989954 0.105375 0.094275 0.000000 -0.077365 0.961786 -0.262643 7.383900 -0.118348 0.252711 0.960276 2.849900 0.000000 0.000000 0.000000 1.000000
0.989749 0.103559 0.098350 -0.000000 -0.076342 0.965621 -0.248493 7.383900 -0.120702 0.238438 0.963628 2.849900 0.000000 0.000000 0.000000 1.000000
0.989863 0.098369 0.102444 0.000000 -0.073005 0.971132 -0.227095 7.383900 -0.121826 0.217314 0.968469 2.849900 0.000000 0.000000 0.000000 1.000000
0.990007 0.095554 0.103713 -0.000000 -0.071077 0.973301 -0.218251 7.383900 -0.121799 0.208698 0.970366 2.849900 0.000000 0.000000 0.000000 1.000000
0.989755 0.096896 0.104866 0.000000 -0.071664 0.972387 -0.222100 7.383900 -0.123491 0.212309 0.969368 2.849900 0.000000 0.000000 0.000000 1.000000
0.989470 0.096880 0.107533 0.000000 -0.071518 0.973171 -0.218685 7.383900 -0.125834 0.208692 0.969852 2.849900 0.000000 0.000000 0.000000 1.000000
0.989646 0.095063 0.107534 -0.000000 -0.069883 0.973554 -0.217507 7.383900 -0.125367 0.207741 0.970117 2.849900 0.000000 0.000000 0.000000 1.000000
0.990008 0.093262 0.105763 0.000000 -0.067233 0.971496 -0.227324 7.383900 -0.123949 0.217942 0.968059 2.849900 0.000000 0.000000 0.000000 1.000000
0.990000 0.094485 0.104755 -0.000000 -0.067814 0.969889 -0.233918 7.383900 -0.123702 0.224474 0.966597 2.849900 0.000000 0.000000 0.000000 1.000000
0.989846 0.096891 0.104007 -0.000000 -0.070331 0.969691 -0.233992 7.383900 -0.123527 0.224301 0.966659 2.849900 0.000000 0.000000 0.000000 1.000000
0.989920 0.096656 0.103523 0.000000 -0.070529 0.970276 -0.231495 7.383900 -0.122821 0.221860 0.967312 2.849900 0.000000 0.000000 0.000000 1.000000
