<?xml version="1.0" encoding="utf-8"?>
<COLLADA xmlns="http://www.collada.org/2005/11/COLLADASchema" version="1.4.1">
  <asset>
    <contributor>
      <author>Mixamo</author>
      <authoring_tool>COLLADA Mixamo exporter</authoring_tool>
      <comments/>
    </contributor>
    <created>2025-06-01T08:48:12Z</created>
    <modified>2025-06-01T08:48:12Z</modified>
    <revision/>
    <title/>
    <unit meter="0.010000"/>
    <up_axis>Y_UP</up_axis>
  </asset>
  <library_animations>
    <animation id="mixamorig12_Hips-anim" name="mixamorig12_Hips">
      <source id="mixamorig12_Hips-Matrix-animation-input">
        <float_array id="mixamorig12_Hips-Matrix-animation-input-array" count="18">

0.000000 0.033333 0.066667 0.100000 0.133333 0.166667 0.200000 0.233333 0.266667 0.300000 0.333333 0.366667 0.400000 0.433333 0.466667 0.500000
0.533333 0.566667</float_array>
        <technique_common>
          <accessor source="#mixamorig12_Hips-Matrix-animation-input-array" count="18">
            <param name="TIME" type="float"/>
          </accessor>
        </technique_common>
      </source>
      <source id="mixamorig12_Hips-Matrix-animation-output-transform">
        <float_array id="mixamorig12_Hips-Matrix-animation-output-transform-array" count="288">

0.831548 -0.173628 -0.527619 -0.642074 0.013743 0.956029 -0.292949 86.914520 0.555283 0.236350 0.797370 0.863205 0.000000 0.000000 0.000000 1.000000
0.826651 -0.184815 -0.531499 -1.645217 0.029139 0.957319 -0.287563 85.445877 0.561960 0.222227 0.796753 0.133469 0.000000 0.000000 0.000000 1.000000
0.810211 -0.185118 -0.556138 -2.685309 0.032258 0.961461 -0.273041 83.899895 0.585250 0.203281 0.784958 0.000269 0.000000 0.000000 0.000000 1.000000
0.797277 -0.171619 -0.578702 -3.824903 0.020788 0.965968 -0.257825 83.001083 0.603255 0.193528 0.773712 0.429703 0.000000 0.000000 0.000000 1.000000
0.784316 -0.147490 -0.602574 -4.598198 -0.001859 0.970764 -0.240030 82.886833 0.620359 0.189380 0.761111 1.284859 0.000000 0.000000 0.000000 1.000000
0.766986 -0.132870 -0.627756 -4.576338 -0.018469 0.973349 -0.228584 83.767227 0.641398 0.186915 0.744091 2.266245 0.000000 0.000000 0.000000 1.000000
0.751954 -0.127981 -0.646673 -3.781672 -0.035537 0.971677 -0.233624 85.254204 0.658257 0.198655 0.726109 3.341690 0.000000 0.000000 0.000000 1.000000
0.750192 -0.154466 -0.642924 -2.809072 -0.021037 0.966263 -0.256697 86.667343 0.660885 0.206097 0.721633 4.548373 0.000000 0.000000 0.000000 1.000000
0.740851 -0.190304 -0.644147 -1.912837 -0.000397 0.958898 -0.283749 87.149628 0.671670 0.210472 0.710325 5.700000 0.000000 0.000000 0.000000 1.000000
0.694045 -0.159640 -0.702009 -0.242817 -0.070785 0.955249 -0.287210 86.991150 0.716443 0.249028 0.651685 6.735406 0.000000 0.000000 0.000000 1.000000
0.688046 -0.158447 -0.708157 0.705068 -0.044945 0.964693 -0.259515 85.978027 0.724274 0.210386 0.656632 6.956027 0.000000 0.000000 0.000000 1.000000
0.689589 -0.151643 -0.708147 0.780631 -0.018701 0.973777 -0.226736 84.885544 0.723960 0.169597 0.668670 7.075700 0.000000 0.000000 0.000000 1.000000
0.688165 -0.161700 -0.707307 0.314307 0.012853 0.977413 -0.210945 84.664078 0.725441 0.136074 0.674700 6.905400 0.000000 0.000000 0.000000 1.000000
0.689388 -0.185948 -0.700120 -0.215290 0.048070 0.976105 -0.211916 85.257652 0.722796 0.112437 0.681853 5.890100 0.000000 0.000000 0.000000 1.000000
0.731747 -0.192558 -0.653810 -0.427810 0.043083 0.970411 -0.237584 86.409630 0.680214 0.145683 0.718391 4.368320 0.000000 0.000000 0.000000 1.000000
0.796847 -0.128366 -0.590387 -0.317466 -0.048009 0.960627 -0.273663 87.287376 0.602271 0.246411 0.759310 3.233688 0.000000 0.000000 0.000000 1.000000
0.827872 -0.149510 -0.540625 -0.604689 -0.017930 0.956276 -0.291915 87.327942 0.560630 0.251362 0.788993 1.934127 0.000000 0.000000 0.000000 1.000000
0.831548 -0.173628 -0.527619 -0.642079 0.013743 0.956029 -0.292949 86.914551 0.555283 0.236350 0.797370 0.863212 0.000000 0.000000 0.000000 1.000000</float_array>
        <technique_common>
          <accessor source="#mixamorig12_Hips-Matrix-animation-output-transform-array" count="18" stride="16">
            <param type="float4x4"/>
          </accessor>
        </technique_common>
      </source>
      <source id="mixamorig12_Hips-Interpolations">
        <Name_array id="mixamorig12_Hips-Interpolations-array" count="18">
 LINEAR LINEAR LINEAR LINEAR LINEAR LINEAR LINEAR LINEAR LINEAR LINEAR LINEAR
LINEAR LINEAR LINEAR LINEAR LINEAR LINEAR LINEAR</Name_array>
        <technique_common>
          <accessor source="#mixamorig12_Hips-Interpolations-array" count="18">
            <param type="name"/>
          </accessor>
        </technique_common>
      </source>
      <sampler id="mixamorig12_Hips-Matrix-animation-transform">
        <input semantic="INPUT" source="#mixamorig12_Hips-Matrix-animation-input"/>
        <input semantic="OUTPUT" source="#mixamorig12_Hips-Matrix-animation-output-transform"/>
        <input semantic="INTERPOLATION" source="#mixamorig12_Hips-Interpolations"/>
      </sampler>
      <channel source="#mixamorig12_Hips-Matrix-animation-transform" target="mixamorig12_Hips/matrix"/>
    </animation>
    <animation id="mixamorig12_Spine-anim" name="mixamorig12_Spine">
      <source id="mixamorig12_Spine-Matrix-animation-input">
        <float_array id="mixamorig12_Spine-Matrix-animation-input-array" count="18">

0.000000 0.033333 0.066667 0.100000 0.133333 0.166667 0.200000 0.233333 0.266667 0.300000 0.333333 0.366667 0.400000 0.433333 0.466667 0.500000
0.533333 0.566667</float_array>
        <technique_common>
          <accessor source="#mixamorig12_Spine-Matrix-animation-input-array" count="18">
            <param name="TIME" type="float"/>
          </accessor>
        </technique_common>
      </source>
      <source id="mixamorig12_Spine-Matrix-animation-output-transform">
        <float_array id="mixamorig12_Spine-Matrix-animation-output-transform-array" count="288">

0.993156 -0.046487 0.107144 0.000000 0.035689 0.994288 0.100582 10.052400 -0.111208 -0.096070 0.989143 -1.105100 0.000000 0.000000 0.000000 1.000000
0.994135 -0.035377 0.102200 0.000000 0.025836 0.995311 0.093217 10.052400 -0.105018 -0.090030 0.990387 -1.105100 0.000000 0.000000 0.000000 1.000000
0.994687 -0.023487 0.100227 -0.000000 0.014591 0.995962 0.088585 10.052400 -0.101903 -0.086652 0.991013 -1.105100 0.000000 0.000000 0.000000 1.000000
0.995344 -0.016756 0.094917 -0.000000 0.008219 0.995941 0.089631 10.052400 -0.096034 -0.088434 0.991442 -1.105100 0.000000 0.000000 0.000000 1.000000
0.996126 -0.011884 0.087132 -0.000000 0.003765 0.995682 0.092753 10.052400 -0.087858 -0.092066 0.991869 -1.105100 0.000000 0.000000 0.000000 1.000000
0.997149 0.007489 0.075089 -0.000000 -0.014636 0.995362 0.095084 10.052400 -0.074028 -0.095912 0.992633 -1.105100 0.000000 0.000000 0.000000 1.000000
0.997689 0.022411 0.064142 0.000000 -0.028839 0.994458 0.101103 10.052400 -0.061520 -0.102720 0.992806 -1.105100 0.000000 0.000000 0.000000 1.000000
0.997299 0.058918 0.043846 0.000000 -0.063557 0.991528 0.113278 10.052400 -0.036801 -0.115759 0.992595 -1.105100 0.000000 0.000000 0.000000 1.000000
0.994626 0.096576 0.037302 0.000000 -0.100590 0.986729 0.127468 10.052400 -0.024497 -0.130535 0.991141 -1.105100 0.000000 0.000000 0.000000 1.000000
0.994429 0.039547 0.097713 0.000000 -0.052178 0.990101 0.130299 10.052400 -0.091593 -0.134671 0.986648 -1.105100 0.000000 0.000000 0.000000 1.000000
0.991511 0.078696 0.103500 -0.000000 -0.089898 0.990029 0.108444 10.052400 -0.093934 -0.116828 0.988700 -1.105100 0.000000 0.000000 0.000000 1.000000
0.986853 0.108433 0.119845 0.000000 -0.119654 0.988658 0.090765 10.052400 -0.108644 -0.103912 0.988635 -1.105100 0.000000 0.000000 0.000000 1.000000
0.979614 0.138069 0.145925 0.000000 -0.150906 0.985235 0.080864 10.052400 -0.132605 -0.101236 0.985985 -1.105100 0.000000 0.000000 0.000000 1.000000
0.971518 0.169227 0.165879 0.000000 -0.182955 0.980540 0.071199 10.052400 -0.150602 -0.099520 0.983572 -1.105100 0.000000 0.000000 0.000000 1.000000
0.980150 0.133588 0.146495 -0.000000 -0.146212 0.986090 0.079047 10.052400 -0.133897 -0.098897 0.986048 -1.105100 0.000000 0.000000 0.000000 1.000000
0.992517 -0.029584 0.118465 -0.000000 0.016964 0.994205 0.106158 10.052400 -0.120919 -0.103354 0.987267 -1.105100 0.000000 0.000000 0.000000 1.000000
0.992638 -0.047797 0.111286 -0.000000 0.035744 0.993520 0.107887 10.052400 -0.115721 -0.103115 0.987915 -1.105100 0.000000 0.000000 0.000000 1.000000
0.993156 -0.046487 0.107144 0.000000 0.035689 0.994288 0.100583 10.052400 -0.111208 -0.096070 0.989143 -1.105100 0.000000 0.000000 0.000000 1.000000</float_array>
        <technique_common>
          <accessor source="#mixamorig12_Spine-Matrix-animation-output-transform-array" count="18" stride="16">
            <param type="float4x4"/>
          </accessor>
        </technique_common>
      </source>
      <source id="mixamorig12_Spine-Interpolations">
        <Name_array id="mixamorig12_Spine-Interpolations-array" count="18">
 LINEAR LINEAR LINEAR LINEAR LINEAR LINEAR LINEAR LINEAR LINEAR LINEAR LINEAR
LINEAR LINEAR LINEAR LINEAR LINEAR LINEAR LINEAR</Name_array>
        <technique_common>
          <accessor source="#mixamorig12_Spine-Interpolations-array" count="18">
            <param type="name"/>
          </accessor>
        </technique_common>
      </source>
      <sampler id="mixamorig12_Spine-Matrix-animation-transform">
        <input semantic="INPUT" source="#mixamorig12_Spine-Matrix-animation-input"/>
        <input semantic="OUTPUT" source="#mixamorig12_Spine-Matrix-animation-output-transform"/>
        <input semantic="INTERPOLATION" source="#mixamorig12_Spine-Interpolations"/>
      </sampler>
      <channel source="#mixamorig12_Spine-Matrix-animation-transform" target="mixamorig12_Spine/matrix"/>
    </animation>
    <animation id="mixamorig12_Spine1-anim" name="mixamorig12_Spine1">
      <source id="mixamorig12_Spine1-Matrix-animation-input">
        <float_array id="mixamorig12_Spine1-Matrix-animation-input-array" count="18">

0.000000 0.033333 0.066667 0.100000 0.133333 0.166667 0.200000 0.233333 0.266667 0.300000 0.333333 0.366667 0.400000 0.433333 0.466667 0.500000
0.533333 0.566667</float_array>
        <technique_common>
          <accessor source="#mixamorig12_Spine1-Matrix-animation-input-array" count="18">
            <param name="TIME" type="float"/>
          </accessor>
        </technique_common>
      </source>
      <source id="mixamorig12_Spine1-Matrix-animation-output-transform">
        <float_array id="mixamorig12_Spine1-Matrix-animation-output-transform-array" count="288">

0.995404 0.092174 0.025970 -0.000000 -0.093053 0.995047 0.034956 11.798400 -0.022619 -0.037211 0.999051 0.000000 0.000000 0.000000 0.000000 1.000000
0.995283 0.093415 0.026180 0.000000 -0.094173 0.995122 0.029376 11.798400 -0.023308 -0.031703 0.999226 0.000000 0.000000 0.000000 0.000000 1.000000
0.995271 0.092732 0.028904 0.000000 -0.093503 0.995264 0.026577 11.798400 -0.026302 -0.029154 0.999229 -0.000000 0.000000 0.000000 0.000000 1.000000
0.995414 0.091668 0.027364 0.000000 -0.092455 0.995294 0.029012 11.798400 -0.024576 -0.031409 0.999204 0.000000 0.000000 0.000000 0.000000 1.000000
0.995411 0.092798 0.023339 -0.000000 -0.093529 0.995088 0.032441 11.798400 -0.020214 -0.034475 0.999201 0.000000 0.000000 0.000000 0.000000 1.000000
0.995166 0.095863 0.021322 -0.000000 -0.096552 0.994744 0.034076 11.798400 -0.017943 -0.035970 0.999192 0.000000 0.000000 0.000000 0.000000 1.000000
0.994852 0.099051 0.021391 0.000000 -0.099808 0.994287 0.037841 11.798400 -0.017521 -0.039781 0.999055 0.000000 0.000000 0.000000 0.000000 1.000000
0.994273 0.103436 0.026879 0.000000 -0.104673 0.993269 0.049608 11.798400 -0.021567 -0.052137 0.998407 0.000000 0.000000 0.000000 0.000000 1.000000
0.993525 0.105987 0.040925 0.000000 -0.108484 0.991999 0.064572 11.798400 -0.033754 -0.068594 0.997073 0.000000 0.000000 0.000000 0.000000 1.000000
0.993767 0.096846 0.055215 -0.000000 -0.100291 0.992932 0.063471 11.798400 -0.048678 -0.068613 0.996455 -0.000000 0.000000 0.000000 0.000000 1.000000
0.993739 0.094549 0.059532 0.000000 -0.097357 0.994178 0.046168 11.798400 -0.054820 -0.051675 0.997158 0.000000 0.000000 0.000000 0.000000 1.000000
0.993643 0.096143 0.058575 0.000000 -0.098324 0.994519 0.035566 11.798400 -0.054834 -0.041099 0.997649 0.000000 0.000000 0.000000 0.000000 1.000000
0.993075 0.099920 0.061791 -0.000000 -0.102177 0.994167 0.034510 11.798400 -0.057982 -0.040585 0.997492 0.000000 0.000000 0.000000 0.000000 1.000000
0.992231 0.105806 0.065451 0.000000 -0.108063 0.993630 0.031964 11.798400 -0.061652 -0.038789 0.997344 0.000000 0.000000 0.000000 0.000000 1.000000
0.992299 0.107714 0.061153 0.000000 -0.109768 0.993465 0.031290 11.798400 -0.057383 -0.037761 0.997638 0.000000 0.000000 0.000000 0.000000 1.000000
0.994342 0.095191 0.047151 0.000000 -0.097006 0.994565 0.037819 11.798400 -0.043294 -0.042179 0.998172 -0.000000 0.000000 0.000000 0.000000 1.000000
0.995104 0.093755 0.031279 0.000000 -0.094979 0.994665 0.040252 11.798400 -0.027339 -0.043026 0.998700 0.000000 0.000000 0.000000 0.000000 1.000000
0.995404 0.092174 0.025970 0.000000 -0.093053 0.995047 0.034955 11.798400 -0.022619 -0.037211 0.999051 0.000000 0.000000 0.000000 0.000000 1.000000</float_array>
        <technique_common>
          <accessor source="#mixamorig12_Spine1-Matrix-animation-output-transform-array" count="18" stride="16">
            <param type="float4x4"/>
          </accessor>
        </technique_common>
      </source>
      <source id="mixamorig12_Spine1-Interpolations">
        <Name_array id="mixamorig12_Spine1-Interpolations-array" count="18">
 LINEAR LINEAR LINEAR LINEAR LINEAR LINEAR LINEAR LINEAR LINEAR LINEAR LINEAR
LINEAR LINEAR LINEAR LINEAR LINEAR LINEAR LINEAR</Name_array>
        <technique_common>
          <accessor source="#mixamorig12_Spine1-Interpolations-array" count="18">
            <param type="name"/>
          </accessor>
        </technique_common>
      </source>
      <sampler id="mixamorig12_Spine1-Matrix-animation-transform">
        <input semantic="INPUT" source="#mixamorig12_Spine1-Matrix-animation-input"/>
        <input semantic="OUTPUT" source="#mixamorig12_Spine1-Matrix-animation-output-transform"/>
        <input semantic="INTERPOLATION" source="#mixamorig12_Spine1-Interpolations"/>
      </sampler>
      <channel source="#mixamorig12_Spine1-Matrix-animation-transform" target="mixamorig12_Spine1/matrix"/>
    </animation>
    <animation id="mixamorig12_Spine2-anim" name="mixamorig12_Spine2">
      <source id="mixamorig12_Spine2-Matrix-animation-input">
        <float_array id="mixamorig12_Spine2-Matrix-animation-input-array" count="18">

0.000000 0.033333 0.066667 0.100000 0.133333 0.166667 0.200000 0.233333 0.266667 0.300000 0.333333 0.366667 0.400000 0.433333 0.466667 0.500000
0.533333 0.566667</float_array>
        <technique_common>
          <accessor source="#mixamorig12_Spine2-Matrix-animation-input-array" count="18">
            <param name="TIME" type="float"/>
          </accessor>
        </technique_common>
      </source>
      <source id="mixamorig12_Spine2-Matrix-animation-output-transform">
        <float_array id="mixamorig12_Spine2-Matrix-animation-output-transform-array" count="288">

0.992042 -0.049204 -0.115898 0.000000 0.055616 0.997057 0.052759 13.483900 0.112961 -0.058785 0.991859 -0.000000 0.000000 0.000000 0.000000 1.000000
0.992150 -0.047938 -0.115503 -0.000000 0.053710 0.997431 0.047392 13.483900 0.112935 -0.053224 0.992176 0.000000 0.000000 0.000000 0.000000 1.000000
0.992404 -0.048687 -0.112978 0.000000 0.054016 0.997543 0.044602 13.483900 0.110529 -0.050366 0.992596 0.000000 0.000000 0.000000 0.000000 1.000000
0.992150 -0.049747 -0.114736 0.000000 0.055425 0.997364 0.046838 13.483900 0.112104 -0.052830 0.992291 -0.000000 0.000000 0.000000 0.000000 1.000000
0.991749 -0.048552 -0.118649 0.000000 0.054835 0.997229 0.050277 13.483900 0.115879 -0.056369 0.991663 0.000000 0.000000 0.000000 0.000000 1.000000
0.991663 -0.045358 -0.120608 -0.000000 0.051974 0.997279 0.052283 13.483900 0.117908 -0.058116 0.991322 0.000000 0.000000 0.000000 0.000000 1.000000
0.991784 -0.042050 -0.120815 0.000000 0.049166 0.997190 0.056529 13.483900 0.118098 -0.062005 0.991064 -0.000000 0.000000 0.000000 0.000000 1.000000
0.992488 -0.037769 -0.116370 -0.000000 0.046028 0.996545 0.069128 13.483900 0.113357 -0.073965 0.990797 0.000000 0.000000 0.000000 0.000000 1.000000
0.994029 -0.035584 -0.103153 0.000000 0.044415 0.995423 0.084617 13.483900 0.099670 -0.088693 0.991060 0.000000 0.000000 0.000000 0.000000 1.000000
0.995015 -0.045204 -0.088891 -0.000000 0.052565 0.995221 0.082298 13.483900 0.084746 -0.086560 0.992636 -0.000000 0.000000 0.000000 0.000000 1.000000
0.995305 -0.047850 -0.084137 -0.000000 0.053350 0.996498 0.064382 13.483900 0.080762 -0.068568 0.994372 0.000000 0.000000 0.000000 0.000000 1.000000
0.995357 -0.046334 -0.084361 0.000000 0.050974 0.997255 0.053707 13.483900 0.081641 -0.057758 0.994987 0.000000 0.000000 0.000000 0.000000 1.000000
0.995848 -0.042686 -0.080398 -0.000000 0.047029 0.997491 0.052920 13.483900 0.077938 -0.056481 0.995357 -0.000000 0.000000 0.000000 0.000000 1.000000
0.996402 -0.036960 -0.076271 0.000000 0.040919 0.997859 0.051011 13.483900 0.074222 -0.053948 0.995781 -0.000000 0.000000 0.000000 0.000000 1.000000
0.996130 -0.034875 -0.080672 0.000000 0.039069 0.997934 0.051010 13.483900 0.078727 -0.053964 0.995435 -0.000000 0.000000 0.000000 0.000000 1.000000
0.994338 -0.046777 -0.095416 0.000000 0.052331 0.997027 0.056554 13.483900 0.092487 -0.061227 0.993830 -0.000000 0.000000 0.000000 0.000000 1.000000
0.992674 -0.047754 -0.110988 0.000000 0.054484 0.996805 0.058415 13.483900 0.107844 -0.064034 0.992104 0.000000 0.000000 0.000000 0.000000 1.000000
0.992042 -0.049204 -0.115898 -0.000000 0.055616 0.997057 0.052759 13.483900 0.112961 -0.058785 0.991859 -0.000000 0.000000 0.000000 0.000000 1.000000</float_array>
        <technique_common>
          <accessor source="#mixamorig12_Spine2-Matrix-animation-output-transform-array" count="18" stride="16">
            <param type="float4x4"/>
          </accessor>
        </technique_common>
      </source>
      <source id="mixamorig12_Spine2-Interpolations">
        <Name_array id="mixamorig12_Spine2-Interpolations-array" count="18">
 LINEAR LINEAR LINEAR LINEAR LINEAR LINEAR LINEAR LINEAR LINEAR LINEAR LINEAR
LINEAR LINEAR LINEAR LINEAR LINEAR LINEAR LINEAR</Name_array>
        <technique_common>
          <accessor source="#mixamorig12_Spine2-Interpolations-array" count="18">
            <param type="name"/>
          </accessor>
        </technique_common>
      </source>
      <sampler id="mixamorig12_Spine2-Matrix-animation-transform">
        <input semantic="INPUT" source="#mixamorig12_Spine2-Matrix-animation-input"/>
        <input semantic="OUTPUT" source="#mixamorig12_Spine2-Matrix-animation-output-transform"/>
        <input semantic="INTERPOLATION" source="#mixamorig12_Spine2-Interpolations"/>
      </sampler>
      <channel source="#mixamorig12_Spine2-Matrix-animation-transform" target="mixamorig12_Spine2/matrix"/>
    </animation>
    <animation id="mixamorig12_Neck-anim" name="mixamorig12_Neck">
      <source id="mixamorig12_Neck-Matrix-animation-input">
        <float_array id="mixamorig12_Neck-Matrix-animation-input-array" count="18">

0.000000 0.033333 0.066667 0.100000 0.133333 0.166667 0.200000 0.233333 0.266667 0.300000 0.333333 0.366667 0.400000 0.433333 0.466667 0.500000
0.533333 0.566667</float_array>
        <technique_common>
          <accessor source="#mixamorig12_Neck-Matrix-animation-input-array" count="18">
            <param name="TIME" type="float"/>
          </accessor>
        </technique_common>
      </source>
      <source id="mixamorig12_Neck-Matrix-animation-output-transform">
        <float_array id="mixamorig12_Neck-Matrix-animation-output-transform-array" count="288">

0.989933 0.076751 0.118922 0.000000 -0.035942 0.948982 -0.313274 15.169400 -0.136899 0.305846 0.942187 -0.000000 0.000000 0.000000 0.000000 1.000000
0.989806 0.076246 0.120297 -0.000000 -0.035763 0.950629 -0.308264 15.169400 -0.137861 0.300819 0.943664 0.000000 0.000000 0.000000 0.000000 1.000000
0.989205 0.079301 0.123228 0.000000 -0.038146 0.951279 -0.305961 15.169400 -0.141487 0.297958 0.944035 0.000000 0.000000 0.000000 0.000000 1.000000
0.988581 0.076887 0.129601 -0.000000 -0.034268 0.952209 -0.303520 15.169400 -0.146744 0.295613 0.943970 -0.000000 0.000000 0.000000 0.000000 1.000000
0.988196 0.066117 0.138189 0.000000 -0.021332 0.952669 -0.303260 15.169400 -0.151699 0.296732 0.942835 0.000000 0.000000 0.000000 0.000000 1.000000
0.987879 0.050477 0.146792 0.000000 -0.003502 0.952659 -0.304021 15.169400 -0.155189 0.299822 0.941288 -0.000000 0.000000 0.000000 0.000000 1.000000
0.987664 0.035881 0.152423 -0.000000 0.012253 0.952700 -0.303664 15.169400 -0.156109 0.301786 0.940508 0.000000 0.000000 0.000000 0.000000 1.000000
0.987768 0.018281 0.154855 -0.000000 0.030956 0.950346 -0.309651 15.169400 -0.152827 0.310657 0.938156 -0.000000 0.000000 0.000000 0.000000 1.000000
0.988209 0.008644 0.152870 -0.000000 0.041322 0.946304 -0.320626 15.169400 -0.147433 0.323162 0.934789 0.000000 0.000000 0.000000 0.000000 1.000000
0.989182 0.018218 0.145557 0.000000 0.030116 0.945901 -0.323053 15.169400 -0.143568 0.323942 0.935120 0.000000 0.000000 0.000000 0.000000 1.000000
0.989786 0.023644 0.140585 0.000000 0.022831 0.947131 -0.320034 15.169400 -0.140720 0.319975 0.936917 0.000000 0.000000 0.000000 0.000000 1.000000
0.990314 0.029795 0.135612 0.000000 0.016699 0.944054 -0.329368 15.169400 -0.137838 0.328442 0.934412 0.000000 0.000000 0.000000 0.000000 1.000000
0.990897 0.037243 0.129369 0.000000 0.009576 0.939038 -0.343680 15.169400 -0.134282 0.341790 0.930133 0.000000 0.000000 0.000000 0.000000 1.000000
0.991297 0.042385 0.124635 0.000000 0.003260 0.938559 -0.345104 15.169400 -0.131605 0.342506 0.930252 0.000000 0.000000 0.000000 0.000000 1.000000
0.991442 0.045286 0.122442 -0.000000 -0.001747 0.942423 -0.334418 15.169400 -0.130537 0.331342 0.934437 0.000000 0.000000 0.000000 0.000000 1.000000
0.991095 0.056264 0.120685 0.000000 -0.013986 0.945315 -0.325860 15.169400 -0.132419 0.321270 0.937684 0.000000 0.000000 0.000000 0.000000 1.000000
0.990452 0.069334 0.119157 0.000000 -0.027605 0.946565 -0.321328 15.169400 -0.135069 0.314971 0.939441 -0.000000 0.000000 0.000000 0.000000 1.000000
0.989933 0.076751 0.118922 0.000000 -0.035941 0.948982 -0.313274 15.169400 -0.136899 0.305846 0.942187 -0.000000 0.000000 0.000000 0.000000 1.000000</float_array>
        <technique_common>
          <accessor source="#mixamorig12_Neck-Matrix-animation-output-transform-array" count="18" stride="16">
            <param type="float4x4"/>
          </accessor>
        </technique_common>
      </source>
      <source id="mixamorig12_Neck-Interpolations">
        <Name_array id="mixamorig12_Neck-Interpolations-array" count="18">
 LINEAR LINEAR LINEAR LINEAR LINEAR LINEAR LINEAR LINEAR LINEAR LINEAR LINEAR
LINEAR LINEAR LINEAR LINEAR LINEAR LINEAR LINEAR</Name_array>
        <technique_common>
          <accessor source="#mixamorig12_Neck-Interpolations-array" count="18">
            <param type="name"/>
          </accessor>
        </technique_common>
      </source>
      <sampler id="mixamorig12_Neck-Matrix-animation-transform">
        <input semantic="INPUT" source="#mixamorig12_Neck-Matrix-animation-input"/>
        <input semantic="OUTPUT" source="#mixamorig12_Neck-Matrix-animation-output-transform"/>
        <input semantic="INTERPOLATION" source="#mixamorig12_Neck-Interpolations"/>
      </sampler>
      <channel source="#mixamorig12_Neck-Matrix-animation-transform" target="mixamorig12_Neck/matrix"/>
    </animation>
    <animation id="mixamorig12_Head-anim" name="mixamorig12_Head">
      <source id="mixamorig12_Head-Matrix-animation-input">
        <float_array id="mixamorig12_Head-Matrix-animation-input-array" count="18">

0.000000 0.033333 0.066667 0.100000 0.133333 0.166667 0.200000 0.233333 0.266667 0.300000 0.333333 0.366667 0.400000 0.433333 0.466667 0.500000
0.533333 0.566667</float_array>
        <technique_common>
          <accessor source="#mixamorig12_Head-Matrix-animation-input-array" count="18">
            <param name="TIME" type="float"/>
          </accessor>
        </technique_common>
      </source>
      <source id="mixamorig12_Head-Matrix-animation-output-transform">
        <float_array id="mixamorig12_Head-Matrix-animation-output-transform-array" count="288">

0.990981 0.080437 0.107177 -0.000000 -0.054843 0.973204 -0.223309 7.383900 -0.122267 0.215417 0.968838 2.849900 0.000000 0.000000 0.000000 1.000000
0.990795 0.081116 0.108380 0.000000 -0.055589 0.973773 -0.220628 7.383900 -0.123434 0.212573 0.969318 2.849900 0.000000 0.000000 0.000000 1.000000
0.990314 0.083234 0.111131 0.000000 -0.057251 0.973976 -0.219304 7.383900 -0.126493 0.210817 0.969307 2.849900 0.000000 0.000000 0.000000 1.000000
0.989575 0.082745 0.117877 0.000000 -0.055465 0.974305 -0.218295 7.383900 -0.132911 0.209481 0.968738 2.849900 0.000000 0.000000 0.000000 1.000000
0.989028 0.075059 0.127242 -0.000000 -0.045968 0.974913 -0.217788 7.383900 -0.140397 0.209550 0.967666 2.849900 0.000000 0.000000 0.000000 1.000000
0.988579 0.063514 0.136669 0.000000 -0.032733 0.975698 -0.216663 7.383900 -0.147109 0.209715 0.966633 2.849900 0.000000 0.000000 0.000000 1.000000
0.988252 0.053663 0.143105 -0.000000 -0.021925 0.976425 -0.214739 7.383900 -0.151255 0.209078 0.966130 2.849900 0.000000 0.000000 0.000000 1.000000
0.988156 0.044029 0.147000 0.000000 -0.011120 0.975980 -0.217578 7.383900 -0.153048 0.213367 0.964910 2.849900 0.000000 0.000000 0.000000 1.000000
0.988507 0.038635 0.146155 -0.000000 -0.004896 0.974467 -0.224477 7.383900 -0.151096 0.221182 0.963457 2.849900 0.000000 0.000000 0.000000 1.000000
0.989435 0.043689 0.138236 0.000000 -0.011318 0.973879 -0.226786 7.383900 -0.144533 0.222826 0.964085 2.849900 0.000000 0.000000 0.000000 1.000000
0.990070 0.046578 0.132631 0.000000 -0.015830 0.974450 -0.224046 7.383900 -0.139678 0.219722 0.965511 2.849900 0.000000 0.000000 0.000000 1.000000
0.990674 0.049108 0.127094 0.000000 -0.018961 0.973404 -0.228311 7.383900 -0.134925 0.223772 0.965257 2.849900 0.000000 0.000000 0.000000 1.000000
0.991320 0.052521 0.120522 0.000000 -0.022747 0.971431 -0.236228 7.383900 -0.129485 0.231436 0.964194 2.849900 0.000000 0.000000 0.000000 1.000000
0.991769 0.054990 0.115632 0.000000 -0.026321 0.971352 -0.236182 7.383900 -0.125307 0.231194 0.964804 2.849900 0.000000 0.000000 0.000000 1.000000
0.991936 0.057038 0.113182 0.000000 -0.029699 0.972753 -0.229933 7.383900 -0.123213 0.224718 0.966603 2.849900 0.000000 0.000000 0.000000 1.000000
0.991782 0.064354 0.110578 -0.000000 -0.037869 0.973217 -0.226747 7.383900 -0.122209 0.220696 0.967656 2.849900 0.000000 0.000000 0.000000 1.000000
0.991392 0.073829 0.108127 0.000000 -0.047737 0.972828 -0.226554 7.383900 -0.121915 0.219443 0.967978 2.849900 0.000000 0.000000 0.000000 1.000000
0.990981 0.080437 0.107177 0.000000 -0.054843 0.973204 -0.223310 7.383900 -0.122267 0.215418 0.968837 2.849900 0.000000 0.000000 0.000000 1.000000</float_array>
        <technique_common>
          <accessor source="#mixamorig12_Head-Matrix-animation-output-transform-array" count="18" stride="16">
            <param type="float4x4"/>
          </accessor>
        </technique_common>
      </source>
      <source id="mixamorig12_Head-Interpolations">
        <Name_array id="mixamorig12_Head-Interpolations-array" count="18">
 LINEAR LINEAR LINEAR LINEAR LINEAR LINEAR LINEAR LINEAR LINEAR LINEAR LINEAR
LINEAR LINEAR LINEAR LINEAR LINEAR LINEAR LINEAR</Name_array>
        <technique_common>
          <accessor source="#mixamorig12_Head-Interpolations-array" count="18">
            <param type="name"/>
          </accessor>
        </technique_common>
      </source>
      <sampler id="mixamorig12_Head-Matrix-animation-transform">
        <input semantic="INPUT" source="#mixamorig12_Head-Matrix-animation-input"/>
        <input semantic="OUTPUT" source="#mixamorig12_Head-Matrix-animation-output-transform"/>
        <input semantic="INTERPOLATION" source="#mixamorig12_Head-Interpolations"/>
      </sampler>
      <channel source="#mixamorig12_Head-Matrix-animation-transform" target="mixamorig12_Head/matrix"/>
    </animation>
    <animation id="mixamorig12_LeftShoulder-anim" name="mixamorig12_LeftShoulder">
      <source id="mixamorig12_LeftShoulder-Matrix-animation-input">
        <float_array id="mixamorig12_LeftShoulder-Matrix-animation-input-array" count="18">

0.000000 0.033333 0.066667 0.100000 0.133333 0.166667 0.200000 0.233333 0.266667 0.300000 0.333333 0.366667 0.400000 0.433333 0.466667 0.500000
0.533333 0.566667</float_array>
        <technique_common>
          <accessor source="#mixamorig12_LeftShoulder-Matrix-animation-input-array" count="18">
            <param name="TIME" type="float"/>
          </accessor>
        </technique_common>
      </source>
      <source id="mixamorig12_LeftShoulder-Matrix-animation-output-transform">
        <float_array id="mixamorig12_LeftShoulder-Matrix-animation-output-transform-array" count="288">

-0.139683 0.873877 -0.465647 7.052500 0.069833 -0.460393 -0.884964 13.015400 -0.987731 -0.156132 0.003283 -0.256200 0.000000 0.000000 0.000000 1.000000
-0.120566 0.878000 -0.463228 7.052500 0.067002 -0.458371 -0.886232 13.015400 -0.990442 -0.137887 -0.003564 -0.256200 0.000000 0.000000 0.000000 1.000000
-0.123052 0.878921 -0.460821 7.052500 0.066199 -0.456046 -0.887491 13.015400 -0.990190 -0.139713 -0.002066 -0.256200 0.000000 0.000000 0.000000 1.000000
-0.135212 0.884086 -0.447336 7.052500 0.061932 -0.443058 -0.894351 13.015400 -0.988879 -0.148631 0.005154 -0.256200 0.000000 0.000000 0.000000 1.000000
-0.142038 0.894791 -0.423291 7.052500 0.052951 -0.420146 -0.905910 13.015400 -0.988444 -0.151088 0.012297 -0.256200 0.000000 0.000000 0.000000 1.000000
-0.144764 0.903658 -0.403045 7.052500 0.045039 -0.400896 -0.915016 13.015400 -0.988441 -0.150614 0.017335 -0.256200 0.000000 0.000000 0.000000 1.000000
-0.146602 0.903764 -0.402143 7.052500 0.044566 -0.400088 -0.915392 13.015400 -0.988191 -0.152120 0.018376 -0.256200 0.000000 0.000000 0.000000 1.000000
-0.142206 0.895266 -0.422228 7.052500 0.052023 -0.419214 -0.906396 13.015400 -0.988469 -0.150861 0.013040 -0.256200 0.000000 0.000000 0.000000 1.000000
-0.135230 0.883330 -0.448822 7.052500 0.062037 -0.444546 -0.893605 13.015400 -0.988870 -0.148685 0.005317 -0.256200 0.000000 0.000000 0.000000 1.000000
-0.132258 0.879001 -0.458110 7.052500 0.065518 -0.453407 -0.888892 13.015400 -0.989048 -0.147578 0.002377 -0.256200 0.000000 0.000000 0.000000 1.000000
-0.129913 0.886583 -0.443953 7.052500 0.059554 -0.439962 -0.896040 13.015400 -0.989735 -0.142846 0.004357 -0.256200 0.000000 0.000000 0.000000 1.000000
-0.126561 0.891452 -0.435082 7.052500 0.055675 -0.431534 -0.900377 13.015400 -0.990395 -0.138176 0.004984 -0.256200 0.000000 0.000000 0.000000 1.000000
-0.133219 0.885538 -0.445056 7.052500 0.060225 -0.440996 -0.895486 13.015400 -0.989255 -0.146100 0.005417 -0.256200 0.000000 0.000000 0.000000 1.000000
-0.148552 0.877553 -0.455887 7.052500 0.066035 -0.451171 -0.889991 13.015400 -0.986697 -0.162315 0.009074 -0.256200 0.000000 0.000000 0.000000 1.000000
-0.154454 0.873600 -0.461483 7.052500 0.069008 -0.456408 -0.887090 13.015400 -0.985587 -0.168860 0.010209 -0.256200 0.000000 0.000000 0.000000 1.000000
-0.146173 0.871140 -0.468773 7.052500 0.071523 -0.463316 -0.883302 13.015400 -0.986670 -0.162643 0.005417 -0.256200 0.000000 0.000000 0.000000 1.000000
-0.136298 0.870217 -0.473439 7.052500 0.072787 -0.467811 -0.880826 13.015400 -0.987990 -0.154515 0.000422 -0.256200 0.000000 0.000000 0.000000 1.000000
-0.139683 0.873877 -0.465647 7.052500 0.069833 -0.460393 -0.884964 13.015400 -0.987731 -0.156132 0.003283 -0.256200 0.000000 0.000000 0.000000 1.000000</float_array>
        <technique_common>
          <accessor source="#mixamorig12_LeftShoulder-Matrix-animation-output-transform-array" count="18" stride="16">
            <param type="float4x4"/>
          </accessor>
        </technique_common>
      </source>
      <source id="mixamorig12_LeftShoulder-Interpolations">
        <Name_array id="mixamorig12_LeftShoulder-Interpolations-array" count="18">
 LINEAR LINEAR LINEAR LINEAR LINEAR LINEAR LINEAR LINEAR LINEAR LINEAR LINEAR
LINEAR LINEAR LINEAR LINEAR LINEAR LINEAR LINEAR</Name_array>
        <technique_common>
          <accessor source="#mixamorig12_LeftShoulder-Interpolations-array" count="18">
            <param type="name"/>
          </accessor>
        </technique_common>
      </source>
      <sampler id="mixamorig12_LeftShoulder-Matrix-animation-transform">
        <input semantic="INPUT" source="#mixamorig12_LeftShoulder-Matrix-animation-input"/>
        <input semantic="OUTPUT" source="#mixamorig12_LeftShoulder-Matrix-animation-output-transform"/>
        <input semantic="INTERPOLATION" source="#mixamorig12_LeftShoulder-Interpolations"/>
      </sampler>
      <channel source="#mixamorig12_LeftShoulder-Matrix-animation-transform" target="mixamorig12_LeftShoulder/matrix"/>
    </animation>
    <animation id="mixamorig12_LeftArm-anim" name="mixamorig12_LeftArm">
      <source id="mixamorig12_LeftArm-Matrix-animation-input">
        <float_array id="mixamorig12_LeftArm-Matrix-animation-input-array" count="18">

0.000000 0.033333 0.066667 0.100000 0.133333 0.166667 0.200000 0.233333 0.266667 0.300000 0.333333 0.366667 0.400000 0.433333 0.466667 0.500000
0.533333 0.566667</float_array>
        <technique_common>
          <accessor source="#mixamorig12_LeftArm-Matrix-animation-input-array" count="18">
            <param name="TIME" type="float"/>
          </accessor>
        </technique_common>
      </source>
      <source id="mixamorig12_LeftArm-Matrix-animation-output-transform">
        <float_array id="mixamorig12_LeftArm-Matrix-animation-output-transform-array" count="288">

0.538345 -0.818748 -0.199590 0.000000 0.675422 0.560831 -0.478825 14.673100 0.503973 0.122966 0.854921 -0.000000 0.000000 0.000000 0.000000 1.000000
0.565730 -0.790641 -0.234171 0.000000 0.625325 0.596472 -0.503180 14.673100 0.537511 0.138231 0.831850 0.000000 0.000000 0.000000 0.000000 1.000000
0.592779 -0.766204 -0.248081 0.000000 0.587385 0.622058 -0.517709 14.673100 0.550992 0.161168 0.818800 0.000000 0.000000 0.000000 0.000000 1.000000
0.628089 -0.740885 -0.237893 0.000000 0.555531 0.641010 -0.529615 14.673100 0.544875 0.200489 0.814196 0.000000 0.000000 0.000000 0.000000 1.000000
0.662749 -0.714252 -0.224962 0.000000 0.522811 0.656410 -0.543870 14.673100 0.536128 0.242837 0.808454 0.000000 0.000000 0.000000 0.000000 1.000000
0.690029 -0.688302 -0.223830 0.000000 0.493923 0.673857 -0.549506 14.673100 0.529056 0.268620 0.804949 0.000000 0.000000 0.000000 0.000000 1.000000
0.707698 -0.669514 -0.225641 -0.000000 0.483883 0.692020 -0.535692 14.673100 0.514801 0.269924 0.813708 -0.000000 0.000000 0.000000 0.000000 1.000000
0.715426 -0.661059 -0.226201 -0.000000 0.499018 0.710051 -0.496798 14.673100 0.489027 0.242544 0.837869 0.000000 0.000000 0.000000 0.000000 1.000000
0.696137 -0.677396 -0.237757 0.000000 0.534875 0.710286 -0.457604 14.673100 0.478854 0.191385 0.856779 0.000000 0.000000 0.000000 0.000000 1.000000
0.663833 -0.705304 -0.248742 0.000000 0.559140 0.688929 -0.461236 14.673100 0.496677 0.167102 0.851697 0.000000 0.000000 0.000000 0.000000 1.000000
0.615542 -0.742306 -0.264744 -0.000000 0.580193 0.654168 -0.485223 14.673100 0.533371 0.145073 0.833348 -0.000000 0.000000 0.000000 0.000000 1.000000
0.568471 -0.777271 -0.269612 0.000000 0.612759 0.618698 -0.491670 14.673100 0.548969 0.114293 0.827991 0.000000 0.000000 0.000000 0.000000 1.000000
0.521303 -0.814917 -0.253284 0.000000 0.664842 0.573909 -0.478136 14.673100 0.535003 0.080861 0.840972 0.000000 0.000000 0.000000 0.000000 1.000000
0.479211 -0.846325 -0.232575 0.000000 0.710137 0.529591 -0.463938 14.673100 0.515812 0.057164 0.854792 -0.000000 0.000000 0.000000 0.000000 1.000000
0.481468 -0.848127 -0.221065 0.000000 0.721791 0.526763 -0.448931 14.673100 0.497199 0.056583 0.865790 0.000000 0.000000 0.000000 0.000000 1.000000
0.528839 -0.823104 -0.206950 0.000000 0.701318 0.561130 -0.439643 14.673100 0.477998 0.087363 0.874006 0.000000 0.000000 0.000000 0.000000 1.000000
0.538609 -0.816913 -0.206286 -0.000000 0.688788 0.567918 -0.450600 14.673100 0.485255 0.100610 0.868565 0.000000 0.000000 0.000000 0.000000 1.000000
0.538345 -0.818748 -0.199590 -0.000000 0.675422 0.560831 -0.478825 14.673100 0.503973 0.122966 0.854921 0.000000 0.000000 0.000000 0.000000 1.000000</float_array>
        <technique_common>
          <accessor source="#mixamorig12_LeftArm-Matrix-animation-output-transform-array" count="18" stride="16">
            <param type="float4x4"/>
          </accessor>
        </technique_common>
      </source>
      <source id="mixamorig12_LeftArm-Interpolations">
        <Name_array id="mixamorig12_LeftArm-Interpolations-array" count="18">
 LINEAR LINEAR LINEAR LINEAR LINEAR LINEAR LINEAR LINEAR LINEAR LINEAR LINEAR
LINEAR LINEAR LINEAR LINEAR LINEAR LINEAR LINEAR</Name_array>
        <technique_common>
          <accessor source="#mixamorig12_LeftArm-Interpolations-array" count="18">
            <param type="name"/>
          </accessor>
        </technique_common>
      </source>
      <sampler id="mixamorig12_LeftArm-Matrix-animation-transform">
        <input semantic="INPUT" source="#mixamorig12_LeftArm-Matrix-animation-input"/>
        <input semantic="OUTPUT" source="#mixamorig12_LeftArm-Matrix-animation-output-transform"/>
        <input semantic="INTERPOLATION" source="#mixamorig12_LeftArm-Interpolations"/>
      </sampler>
      <channel source="#mixamorig12_LeftArm-Matrix-animation-transform" target="mixamorig12_LeftArm/matrix"/>
    </animation>
    <animation id="mixamorig12_LeftForeArm-anim" name="mixamorig12_LeftForeArm">
      <source id="mixamorig12_LeftForeArm-Matrix-animation-input">
        <float_array id="mixamorig12_LeftForeArm-Matrix-animation-input-array" count="18">

0.000000 0.033333 0.066667 0.100000 0.133333 0.166667 0.200000 0.233333 0.266667 0.300000 0.333333 0.366667 0.400000 0.433333 0.466667 0.500000
0.533333 0.566667</float_array>
        <technique_common>
          <accessor source="#mixamorig12_LeftForeArm-Matrix-animation-input-array" count="18">
            <param name="TIME" type="float"/>
          </accessor>
        </technique_common>
      </source>
      <source id="mixamorig12_LeftForeArm-Matrix-animation-output-transform">
        <float_array id="mixamorig12_LeftForeArm-Matrix-animation-output-transform-array" count="288">

0.151078 -0.984609 0.087865 0.000000 0.984078 0.141384 -0.107710 25.314699 0.093629 0.102739 0.990292 0.000000 0.000000 0.000000 0.000000 1.000000
0.110492 -0.989581 0.092308 0.000000 0.989047 0.100334 -0.108253 25.314699 0.097864 0.103258 0.989829 0.000000 0.000000 0.000000 0.000000 1.000000
0.060632 -0.993361 0.097765 0.000000 0.992825 0.049905 -0.108667 25.314699 0.103067 0.103652 0.989259 0.000000 0.000000 0.000000 0.000000 1.000000
0.004519 -0.994577 0.103907 0.000000 0.994040 -0.006850 -0.108800 25.314699 0.108922 0.103779 0.988618 0.000000 0.000000 0.000000 0.000000 1.000000
-0.050510 -0.992655 0.109929 -0.000000 0.992119 -0.062508 -0.108589 25.314699 0.114663 0.103578 0.987990 -0.000000 0.000000 0.000000 0.000000 1.000000
-0.112615 -0.986759 0.116727 0.000000 0.986226 -0.125323 -0.107945 25.314699 0.121144 0.102963 0.987280 0.000000 0.000000 0.000000 0.000000 1.000000
-0.170005 -0.977736 0.123008 0.000000 0.977208 -0.183369 -0.106958 25.314699 0.127132 0.102022 0.986625 0.000000 0.000000 0.000000 0.000000 1.000000
