<?xml version="1.0" encoding="utf-8"?>
<COLLADA xmlns="http://www.collada.org/2005/11/COLLADASchema" version="1.4.1">
  <asset>
    <contributor>
      <author>Mixamo</author>
      <authoring_tool>COLLADA Mixamo exporter</authoring_tool>
      <comments/>
    </contributor>
    <created>2025-05-31T03:43:39Z</created>
    <modified>2025-05-31T03:43:39Z</modified>
    <revision/>
    <title/>
    <unit meter="0.010000"/>
    <up_axis>Y_UP</up_axis>
  </asset>
  <library_animations>
    <animation id="mixamorig1_Hips-anim" name="mixamorig1_Hips">
      <source id="mixamorig1_Hips-Matrix-animation-input">
        <float_array id="mixamorig1_Hips-Matrix-animation-input-array" count="41">

0.000000 0.033333 0.066667 0.100000 0.133333 0.166667 0.200000 0.233333 0.266667 0.300000 0.333333 0.366667 0.400000 0.433333 0.466667 0.500000
0.533333 0.566667 0.600000 0.633333 0.666667 0.700000 0.733333 0.766667 0.800000 0.833333 0.866667 0.900000 0.933333 0.966667 1.000000 1.033333
1.066667 1.100000 1.133333 1.166667 1.200000 1.233333 1.266667 1.300000 1.333333</float_array>
        <technique_common>
          <accessor source="#mixamorig1_Hips-Matrix-animation-input-array" count="41">
            <param name="TIME" type="float"/>
          </accessor>
        </technique_common>
      </source>
      <source id="mixamorig1_Hips-Matrix-animation-output-transform">
        <float_array id="mixamorig1_Hips-Matrix-animation-output-transform-array" count="656">

0.586220 0.041222 -0.809102 0.381595 -0.106640 0.993941 -0.026625 90.986038 0.803102 0.101890 0.587065 0.102429 0.000000 0.000000 0.000000 1.000000
0.585878 0.041679 -0.809327 0.391270 -0.107178 0.993889 -0.026403 90.933403 0.803281 0.102211 0.586764 0.085771 0.000000 0.000000 0.000000 1.000000
0.585886 0.042051 -0.809302 0.403641 -0.107429 0.993869 -0.026131 90.890411 0.803241 0.102252 0.586812 0.064899 0.000000 0.000000 0.000000 1.000000
0.586215 0.042365 -0.809047 0.417173 -0.107658 0.993849 -0.025965 90.856819 0.802970 0.102322 0.587170 0.042688 0.000000 0.000000 0.000000 1.000000
0.586415 0.042531 -0.808893 0.431813 -0.107871 0.993826 -0.025947 90.826927 0.802796 0.102472 0.587382 0.020836 0.000000 0.000000 0.000000 1.000000
0.586063 0.042480 -0.809151 0.449589 -0.107865 0.993827 -0.025951 90.797310 0.803054 0.102488 0.587027 -0.001950 0.000000 0.000000 0.000000 1.000000
0.585373 0.042431 -0.809653 0.467714 -0.107781 0.993839 -0.025842 90.768875 0.803568 0.102393 0.586340 -0.025866 0.000000 0.000000 0.000000 1.000000
0.584851 0.042601 -0.810021 0.479198 -0.107843 0.993838 -0.025597 90.742577 0.803940 0.102326 0.585842 -0.048749 0.000000 0.000000 0.000000 1.000000
0.584510 0.042948 -0.810249 0.481463 -0.108036 0.993826 -0.025258 90.716766 0.804162 0.102300 0.585541 -0.070116 0.000000 0.000000 0.000000 1.000000
0.584098 0.043418 -0.810521 0.478304 -0.108325 0.993805 -0.024828 90.690315 0.804422 0.102302 0.585183 -0.092155 0.000000 0.000000 0.000000 1.000000
0.583765 0.043940 -0.810733 0.475457 -0.108776 0.993765 -0.024463 90.664177 0.804603 0.102469 0.584905 -0.117386 0.000000 0.000000 0.000000 1.000000
0.583765 0.044235 -0.810717 0.473467 -0.109321 0.993705 -0.024499 90.642273 0.804529 0.102930 0.584926 -0.147801 0.000000 0.000000 0.000000 1.000000
0.583911 0.044305 -0.810608 0.465798 -0.109773 0.993648 -0.024765 90.628883 0.804362 0.103443 0.585066 -0.182738 0.000000 0.000000 0.000000 1.000000
0.583862 0.044492 -0.810633 0.451310 -0.110184 0.993601 -0.024827 90.624916 0.804341 0.103815 0.585028 -0.217042 0.000000 0.000000 0.000000 1.000000
0.583551 0.044866 -0.810836 0.438054 -0.110777 0.993537 -0.024750 90.626083 0.804485 0.104265 0.584750 -0.245662 0.000000 0.000000 0.000000 1.000000
0.583133 0.045297 -0.811113 0.428079 -0.111569 0.993449 -0.024731 90.626549 0.804679 0.104916 0.584366 -0.269152 0.000000 0.000000 0.000000 1.000000
0.582816 0.045608 -0.811323 0.415275 -0.112322 0.993361 -0.024845 90.624725 0.804804 0.105609 0.584069 -0.290323 0.000000 0.000000 0.000000 1.000000
0.582756 0.045715 -0.811360 0.398190 -0.112840 0.993297 -0.025081 90.625488 0.804775 0.106170 0.584008 -0.307597 0.000000 0.000000 0.000000 1.000000
0.583039 0.045748 -0.811155 0.380082 -0.113146 0.993256 -0.025308 90.636627 0.804527 0.106534 0.584284 -0.318248 0.000000 0.000000 0.000000 1.000000
0.583633 0.045724 -0.810730 0.363005 -0.113228 0.993242 -0.025494 90.661438 0.804085 0.106676 0.584866 -0.320208 0.000000 0.000000 0.000000 1.000000
0.584288 0.045533 -0.810268 0.346437 -0.112999 0.993264 -0.025667 90.696442 0.803641 0.106557 0.585497 -0.311445 0.000000 0.000000 0.000000 1.000000
0.584787 0.045198 -0.809927 0.329380 -0.112469 0.993321 -0.025773 90.735382 0.803352 0.106163 0.585964 -0.294487 0.000000 0.000000 0.000000 1.000000
0.585270 0.044974 -0.809590 0.311543 -0.111786 0.993402 -0.025628 90.773994 0.803096 0.105500 0.586436 -0.273766 0.000000 0.000000 0.000000 1.000000
0.586003 0.044980 -0.809060 0.292820 -0.111107 0.993488 -0.025242 90.812233 0.802656 0.104684 0.587184 -0.250015 0.000000 0.000000 0.000000 1.000000
0.586974 0.045036 -0.808352 0.274037 -0.110523 0.993562 -0.024900 90.852112 0.802026 0.103957 0.588173 -0.221496 0.000000 0.000000 0.000000 1.000000
0.587995 0.044994 -0.807612 0.255620 -0.110031 0.993620 -0.024754 90.890823 0.801346 0.103418 0.589194 -0.188875 0.000000 0.000000 0.000000 1.000000
0.588883 0.044845 -0.806973 0.234733 -0.109477 0.993683 -0.024669 90.925415 0.800770 0.102872 0.590072 -0.154189 0.000000 0.000000 0.000000 1.000000
0.589489 0.044565 -0.806546 0.210026 -0.108753 0.993765 -0.024576 90.963402 0.800422 0.102202 0.590660 -0.117143 0.000000 0.000000 0.000000 1.000000
0.589664 0.044223 -0.806437 0.187946 -0.108132 0.993833 -0.024567 91.006851 0.800377 0.101687 0.590809 -0.076764 0.000000 0.000000 0.000000 1.000000
0.589428 0.043886 -0.806628 0.173684 -0.107653 0.993884 -0.024591 91.048904 0.800616 0.101330 0.590548 -0.039180 0.000000 0.000000 0.000000 1.000000
0.588989 0.043497 -0.806969 0.165854 -0.107096 0.993945 -0.024591 91.087685 0.801013 0.100907 0.590081 -0.008704 0.000000 0.000000 0.000000 1.000000
0.588553 0.042853 -0.807322 0.160801 -0.106353 0.994020 -0.024770 91.127914 0.801433 0.100440 0.589591 0.013037 0.000000 0.000000 0.000000 1.000000
0.588307 0.042169 -0.807537 0.159513 -0.105819 0.994067 -0.025182 91.164780 0.801684 0.100267 0.589279 0.029516 0.000000 0.000000 0.000000 1.000000
0.588294 0.041731 -0.807570 0.166034 -0.105748 0.994062 -0.025666 91.189835 0.801703 0.100498 0.589213 0.046104 0.000000 0.000000 0.000000 1.000000
0.588184 0.041285 -0.807673 0.181612 -0.105736 0.994049 -0.026190 91.203323 0.801785 0.100804 0.589049 0.060550 0.000000 0.000000 0.000000 1.000000
0.587791 0.040692 -0.807989 0.202768 -0.105601 0.994048 -0.026759 91.203712 0.802091 0.101053 0.588590 0.068995 0.000000 0.000000 0.000000 1.000000
0.587416 0.040328 -0.808279 0.228922 -0.105702 0.994025 -0.027223 91.182266 0.802352 0.101427 0.588169 0.077480 0.000000 0.000000 0.000000 1.000000
0.587206 0.040434 -0.808427 0.264248 -0.106045 0.993986 -0.027311 91.139534 0.802461 0.101766 0.587962 0.091460 0.000000 0.000000 0.000000 1.000000
0.586991 0.040776 -0.808566 0.306605 -0.106226 0.993976 -0.026990 91.089539 0.802594 0.101734 0.587786 0.104147 0.000000 0.000000 0.000000 1.000000
0.586669 0.041057 -0.808785 0.346408 -0.106303 0.993977 -0.026652 91.039429 0.802819 0.101612 0.587500 0.108273 0.000000 0.000000 0.000000 1.000000
0.586220 0.041222 -0.809102 0.381596 -0.106640 0.993941 -0.026625 90.986031 0.803102 0.101890 0.587064 0.102430 0.000000 0.000000 0.000000 1.000000</float_array>
        <technique_common>
          <accessor source="#mixamorig1_Hips-Matrix-animation-output-transform-array" count="41" stride="16">
            <param type="float4x4"/>
          </accessor>
        </technique_common>
      </source>
      <source id="mixamorig1_Hips-Interpolations">
        <Name_array id="mixamorig1_Hips-Interpolations-array" count="41">
 LINEAR LINEAR LINEAR LINEAR LINEAR LINEAR LINEAR LINEAR LINEAR LINEAR LINEAR
LINEAR LINEAR LINEAR LINEAR LINEAR LINEAR LINEAR LINEAR LINEAR LINEAR LINEAR LINEAR
LINEAR LINEAR LINEAR LINEAR LINEAR LINEAR LINEAR LINEAR LINEAR LINEAR LINEAR LINEAR
LINEAR LINEAR LINEAR LINEAR LINEAR LINEAR</Name_array>
        <technique_common>
          <accessor source="#mixamorig1_Hips-Interpolations-array" count="41">
            <param type="name"/>
          </accessor>
        </technique_common>
      </source>
      <sampler id="mixamorig1_Hips-Matrix-animation-transform">
        <input semantic="INPUT" source="#mixamorig1_Hips-Matrix-animation-input"/>
        <input semantic="OUTPUT" source="#mixamorig1_Hips-Matrix-animation-output-transform"/>
        <input semantic="INTERPOLATION" source="#mixamorig1_Hips-Interpolations"/>
      </sampler>
      <channel source="#mixamorig1_Hips-Matrix-animation-transform" target="mixamorig1_Hips/matrix"/>
    </animation>
    <animation id="mixamorig1_Spine-anim" name="mixamorig1_Spine">
      <source id="mixamorig1_Spine-Matrix-animation-input">
        <float_array id="mixamorig1_Spine-Matrix-animation-input-array" count="41">

0.000000 0.033333 0.066667 0.100000 0.133333 0.166667 0.200000 0.233333 0.266667 0.300000 0.333333 0.366667 0.400000 0.433333 0.466667 0.500000
0.533333 0.566667 0.600000 0.633333 0.666667 0.700000 0.733333 0.766667 0.800000 0.833333 0.866667 0.900000 0.933333 0.966667 1.000000 1.033333
1.066667 1.100000 1.133333 1.166667 1.200000 1.233333 1.266667 1.300000 1.333333</float_array>
        <technique_common>
          <accessor source="#mixamorig1_Spine-Matrix-animation-input-array" count="41">
            <param name="TIME" type="float"/>
          </accessor>
        </technique_common>
      </source>
      <source id="mixamorig1_Spine-Matrix-animation-output-transform">
        <float_array id="mixamorig1_Spine-Matrix-animation-output-transform-array" count="656">

0.992262 -0.050116 0.113598 -0.000000 0.046654 0.998368 0.032933 10.600800 -0.115063 -0.027379 0.992981 -0.823400 0.000000 0.000000 0.000000 1.000000
0.992238 -0.050731 0.113534 -0.000000 0.047306 0.998346 0.032656 10.600800 -0.115002 -0.027031 0.992997 -0.823400 0.000000 0.000000 0.000000 1.000000
0.992248 -0.051071 0.113297 0.000000 0.047710 0.998343 0.032185 10.600800 -0.114753 -0.026530 0.993040 -0.823400 0.000000 0.000000 0.000000 1.000000
0.992269 -0.051366 0.112974 0.000000 0.048059 0.998338 0.031808 10.600800 -0.114420 -0.026133 0.993089 -0.823400 0.000000 0.000000 0.000000 1.000000
0.992285 -0.051630 0.112713 0.000000 0.048365 0.998332 0.031521 10.600800 -0.114153 -0.025827 0.993127 -0.823400 0.000000 0.000000 0.000000 1.000000
0.992280 -0.051696 0.112733 0.000000 0.048471 0.998338 0.031170 10.600800 -0.114157 -0.025465 0.993136 -0.823400 0.000000 0.000000 0.000000 1.000000
0.992259 -0.051696 0.112911 0.000000 0.048511 0.998348 0.030775 10.600800 -0.114315 -0.025059 0.993128 -0.823400 0.000000 0.000000 0.000000 1.000000
0.992262 -0.051780 0.112851 0.000000 0.048633 0.998352 0.030461 10.600800 -0.114243 -0.024737 0.993145 -0.823400 0.000000 0.000000 0.000000 1.000000
0.992302 -0.051801 0.112484 0.000000 0.048687 0.998356 0.030262 10.600800 -0.113866 -0.024553 0.993193 -0.823400 0.000000 0.000000 0.000000 1.000000
0.992364 -0.051693 0.111985 0.000000 0.048615 0.998365 0.030051 10.600800 -0.113355 -0.024377 0.993255 -0.823400 0.000000 0.000000 0.000000 1.000000
0.992420 -0.051658 0.111512 0.000000 0.048619 0.998373 0.029801 10.600800 -0.112870 -0.024153 0.993316 -0.823400 0.000000 0.000000 0.000000 1.000000
0.992457 -0.051663 0.111176 0.000000 0.048643 0.998374 0.029709 10.600800 -0.112530 -0.024077 0.993357 -0.823400 0.000000 0.000000 0.000000 1.000000
0.992503 -0.051404 0.110887 0.000000 0.048387 0.998386 0.029735 10.600800 -0.112236 -0.024147 0.993388 -0.823400 0.000000 0.000000 0.000000 1.000000
0.992565 -0.050976 0.110528 0.000000 0.047969 0.998407 0.029696 10.600800 -0.111866 -0.024174 0.993429 -0.823400 0.000000 0.000000 0.000000 1.000000
0.992593 -0.050815 0.110345 0.000000 0.047810 0.998414 0.029712 10.600800 -0.111680 -0.024217 0.993449 -0.823400 0.000000 0.000000 0.000000 1.000000
0.992563 -0.051001 0.110538 0.000000 0.047971 0.998401 0.029898 10.600800 -0.111886 -0.024373 0.993422 -0.823400 0.000000 0.000000 0.000000 1.000000
0.992523 -0.051178 0.110812 -0.000000 0.048106 0.998385 0.030218 10.600800 -0.112179 -0.024661 0.993382 -0.823400 0.000000 0.000000 0.000000 1.000000
0.992515 -0.051150 0.110892 0.000000 0.048032 0.998377 0.030616 10.600800 -0.112278 -0.025060 0.993361 -0.823400 0.000000 0.000000 0.000000 1.000000
0.992518 -0.051089 0.110894 0.000000 0.047924 0.998369 0.031022 10.600800 -0.112298 -0.025475 0.993348 -0.823400 0.000000 0.000000 0.000000 1.000000
0.992502 -0.051078 0.111046 -0.000000 0.047860 0.998359 0.031452 10.600800 -0.112470 -0.025902 0.993317 -0.823400 0.000000 0.000000 0.000000 1.000000
0.992462 -0.051003 0.111436 0.000000 0.047717 0.998349 0.031961 10.600800 -0.112882 -0.026403 0.993258 -0.823400 0.000000 0.000000 0.000000 1.000000
0.992411 -0.050807 0.111974 0.000000 0.047445 0.998345 0.032487 10.600800 -0.113440 -0.026928 0.993180 -0.823400 0.000000 0.000000 0.000000 1.000000
0.992361 -0.050602 0.112513 0.000000 0.047181 0.998345 0.032868 10.600800 -0.113990 -0.027309 0.993107 -0.823400 0.000000 0.000000 0.000000 1.000000
0.992320 -0.050499 0.112918 0.000000 0.047039 0.998344 0.033104 10.600800 -0.114402 -0.027538 0.993053 -0.823400 0.000000 0.000000 0.000000 1.000000
0.992296 -0.050529 0.113118 0.000000 0.047033 0.998336 0.033369 10.600800 -0.114616 -0.027792 0.993021 -0.823400 0.000000 0.000000 0.000000 1.000000
0.992295 -0.050603 0.113094 0.000000 0.047063 0.998321 0.033757 10.600800 -0.114613 -0.028174 0.993011 -0.823400 0.000000 0.000000 0.000000 1.000000
0.992326 -0.050415 0.112908 0.000000 0.046826 0.998317 0.034216 10.600800 -0.114443 -0.028666 0.993016 -0.823400 0.000000 0.000000 0.000000 1.000000
0.992362 -0.049870 0.112828 0.000000 0.046224 0.998328 0.034711 10.600800 -0.114370 -0.029230 0.993008 -0.823400 0.000000 0.000000 0.000000 1.000000
0.992356 -0.049518 0.113037 0.000000 0.045802 0.998329 0.035232 10.600800 -0.114592 -0.029786 0.992966 -0.823400 0.000000 0.000000 0.000000 1.000000
0.992331 -0.049385 0.113314 0.000000 0.045613 0.998323 0.035643 10.600800 -0.114884 -0.030201 0.992920 -0.823400 0.000000 0.000000 0.000000 1.000000
0.992330 -0.049055 0.113469 0.000000 0.045247 0.998331 0.035895 10.600800 -0.115041 -0.030485 0.992893 -0.823400 0.000000 0.000000 0.000000 1.000000
0.992351 -0.048348 0.113590 0.000000 0.044508 0.998356 0.036109 10.600800 -0.115149 -0.030777 0.992871 -0.823400 0.000000 0.000000 0.000000 1.000000
0.992367 -0.047804 0.113674 0.000000 0.043930 0.998373 0.036343 10.600800 -0.115226 -0.031072 0.992853 -0.823400 0.000000 0.000000 0.000000 1.000000
0.992374 -0.047768 0.113628 -0.000000 0.043875 0.998369 0.036525 10.600800 -0.115187 -0.031261 0.992852 -0.823400 0.000000 0.000000 0.000000 1.000000
0.992382 -0.047756 0.113569 0.000000 0.043860 0.998368 0.036565 10.600800 -0.115130 -0.031305 0.992857 -0.823400 0.000000 0.000000 0.000000 1.000000
0.992386 -0.047575 0.113612 -0.000000 0.043690 0.998380 0.036440 10.600800 -0.115161 -0.031198 0.992857 -0.823400 0.000000 0.000000 0.000000 1.000000
0.992370 -0.047789 0.113656 0.000000 0.043943 0.998381 0.036110 10.600800 -0.115198 -0.030841 0.992864 -0.823400 0.000000 0.000000 0.000000 1.000000
0.992337 -0.048560 0.113622 0.000000 0.044800 0.998368 0.035416 10.600800 -0.115156 -0.030055 0.992893 -0.823400 0.000000 0.000000 0.000000 1.000000
0.992301 -0.049293 0.113620 -0.000000 0.045654 0.998365 0.034405 10.600800 -0.115130 -0.028953 0.992928 -0.823400 0.000000 0.000000 0.000000 1.000000
0.992275 -0.049723 0.113661 0.000000 0.046190 0.998370 0.033517 10.600800 -0.115143 -0.028008 0.992954 -0.823400 0.000000 0.000000 0.000000 1.000000
0.992262 -0.050116 0.113598 0.000000 0.046654 0.998368 0.032933 10.600800 -0.115063 -0.027379 0.992981 -0.823400 0.000000 0.000000 0.000000 1.000000</float_array>
        <technique_common>
          <accessor source="#mixamorig1_Spine-Matrix-animation-output-transform-array" count="41" stride="16">
            <param type="float4x4"/>
          </accessor>
        </technique_common>
      </source>
      <source id="mixamorig1_Spine-Interpolations">
        <Name_array id="mixamorig1_Spine-Interpolations-array" count="41">
 LINEAR LINEAR LINEAR LINEAR LINEAR LINEAR LINEAR LINEAR LINEAR LINEAR LINEAR
LINEAR LINEAR LINEAR LINEAR LINEAR LINEAR LINEAR LINEAR LINEAR LINEAR LINEAR LINEAR
LINEAR LINEAR LINEAR LINEAR LINEAR LINEAR LINEAR LINEAR LINEAR LINEAR LINEAR LINEAR
LINEAR LINEAR LINEAR LINEAR LINEAR LINEAR</Name_array>
        <technique_common>
          <accessor source="#mixamorig1_Spine-Interpolations-array" count="41">
            <param type="name"/>
          </accessor>
        </technique_common>
      </source>
      <sampler id="mixamorig1_Spine-Matrix-animation-transform">
        <input semantic="INPUT" source="#mixamorig1_Spine-Matrix-animation-input"/>
        <input semantic="OUTPUT" source="#mixamorig1_Spine-Matrix-animation-output-transform"/>
        <input semantic="INTERPOLATION" source="#mixamorig1_Spine-Interpolations"/>
      </sampler>
      <channel source="#mixamorig1_Spine-Matrix-animation-transform" target="mixamorig1_Spine/matrix"/>
    </animation>
    <animation id="mixamorig1_Spine1-anim" name="mixamorig1_Spine1">
      <source id="mixamorig1_Spine1-Matrix-animation-input">
        <float_array id="mixamorig1_Spine1-Matrix-animation-input-array" count="41">

0.000000 0.033333 0.066667 0.100000 0.133333 0.166667 0.200000 0.233333 0.266667 0.300000 0.333333 0.366667 0.400000 0.433333 0.466667 0.500000
0.533333 0.566667 0.600000 0.633333 0.666667 0.700000 0.733333 0.766667 0.800000 0.833333 0.866667 0.900000 0.933333 0.966667 1.000000 1.033333
1.066667 1.100000 1.133333 1.166667 1.200000 1.233333 1.266667 1.300000 1.333333</float_array>
        <technique_common>
          <accessor source="#mixamorig1_Spine1-Matrix-animation-input-array" count="41">
            <param name="TIME" type="float"/>
          </accessor>
        </technique_common>
      </source>
      <source id="mixamorig1_Spine1-Matrix-animation-output-transform">
        <float_array id="mixamorig1_Spine1-Matrix-animation-output-transform-array" count="656">

0.990537 -0.003554 0.137201 0.000000 0.009950 0.998894 -0.045959 12.404900 -0.136886 0.046889 0.989476 0.000000 0.000000 0.000000 0.000000 1.000000
0.990543 -0.003524 0.137156 -0.000000 0.009933 0.998889 -0.046069 12.404900 -0.136841 0.046995 0.989478 -0.000000 0.000000 0.000000 0.000000 1.000000
0.990568 -0.003409 0.136978 0.000000 0.009842 0.998878 -0.046314 12.404900 -0.136666 0.047225 0.989491 0.000000 0.000000 0.000000 0.000000 1.000000
0.990603 -0.003354 0.136731 0.000000 0.009799 0.998871 -0.046487 12.404900 -0.136421 0.047390 0.989517 0.000000 0.000000 0.000000 0.000000 1.000000
0.990629 -0.003353 0.136537 0.000000 0.009804 0.998865 -0.046602 12.404900 -0.136226 0.047504 0.989538 0.000000 0.000000 0.000000 0.000000 1.000000
0.990623 -0.003294 0.136581 0.000000 0.009774 0.998857 -0.046795 12.404900 -0.136270 0.047691 0.989523 0.000000 0.000000 0.000000 0.000000 1.000000
0.990599 -0.003203 0.136758 -0.000000 0.009725 0.998845 -0.047046 12.404900 -0.136449 0.047934 0.989487 0.000000 0.000000 0.000000 0.000000 1.000000
0.990602 -0.003135 0.136741 0.000000 0.009682 0.998837 -0.047235 12.404900 -0.136434 0.048115 0.989480 0.000000 0.000000 0.000000 0.000000 1.000000
0.990637 -0.003045 0.136487 0.000000 0.009591 0.998833 -0.047330 12.404900 -0.136183 0.048196 0.989511 0.000000 0.000000 0.000000 0.000000 1.000000
0.990687 -0.002878 0.136132 -0.000000 0.009419 0.998830 -0.047429 12.404900 -0.135836 0.048270 0.989555 0.000000 0.000000 0.000000 0.000000 1.000000
0.990737 -0.002668 0.135771 0.000000 0.009206 0.998826 -0.047549 12.404900 -0.135485 0.048358 0.989599 0.000000 0.000000 0.000000 0.000000 1.000000
0.990775 -0.002428 0.135492 0.000000 0.008948 0.998830 -0.047528 12.404900 -0.135218 0.048302 0.989638 0.000000 0.000000 0.000000 0.000000 1.000000
0.990808 -0.002119 0.135258 0.000000 0.008606 0.998839 -0.047394 12.404900 -0.135000 0.048122 0.989676 0.000000 0.000000 0.000000 0.000000 1.000000
0.990846 -0.001808 0.134983 0.000000 0.008267 0.998846 -0.047304 12.404900 -0.134742 0.047987 0.989718 0.000000 0.000000 0.000000 0.000000 1.000000
0.990866 -0.001652 0.134838 -0.000000 0.008089 0.998853 -0.047204 12.404900 -0.134606 0.047864 0.989743 0.000000 0.000000 0.000000 0.000000 1.000000
0.990846 -0.001661 0.134989 0.000000 0.008081 0.998861 -0.047021 12.404900 -0.134757 0.047682 0.989731 0.000000 0.000000 0.000000 0.000000 1.000000
0.990816 -0.001691 0.135209 0.000000 0.008086 0.998873 -0.046761 12.404900 -0.134977 0.047425 0.989713 0.000000 0.000000 0.000000 0.000000 1.000000
0.990808 -0.001692 0.135266 -0.000000 0.008047 0.998888 -0.046447 12.404900 -0.135037 0.047109 0.989720 0.000000 0.000000 0.000000 0.000000 1.000000
0.990810 -0.001730 0.135251 0.000000 0.008044 0.998902 -0.046151 12.404900 -0.135023 0.046815 0.989736 0.000000 0.000000 0.000000 0.000000 1.000000
0.990795 -0.001853 0.135359 -0.000000 0.008136 0.998914 -0.045874 12.404900 -0.135127 0.046553 0.989734 -0.000000 0.000000 0.000000 0.000000 1.000000
0.990752 -0.002054 0.135672 0.000000 0.008313 0.998926 -0.045578 12.404900 -0.135433 0.046284 0.989705 0.000000 0.000000 0.000000 0.000000 1.000000
0.990691 -0.002245 0.136114 0.000000 0.008490 0.998937 -0.045316 12.404900 -0.135867 0.046050 0.989656 0.000000 0.000000 0.000000 0.000000 1.000000
0.990629 -0.002390 0.136556 0.000000 0.008642 0.998940 -0.045208 12.404900 -0.136303 0.045965 0.989600 0.000000 0.000000 0.000000 0.000000 1.000000
0.990583 -0.002570 0.136887 0.000000 0.008840 0.998938 -0.045220 12.404900 -0.136626 0.046005 0.989554 0.000000 0.000000 0.000000 0.000000 1.000000
0.990563 -0.002809 0.137032 -0.000000 0.009083 0.998938 -0.045175 12.404900 -0.136760 0.045993 0.989536 0.000000 0.000000 0.000000 0.000000 1.000000
0.990571 -0.003020 0.136971 -0.000000 0.009268 0.998944 -0.044998 12.404900 -0.136690 0.045844 0.989553 0.000000 0.000000 0.000000 0.000000 1.000000
0.990593 -0.003121 0.136807 -0.000000 0.009329 0.998954 -0.044755 12.404900 -0.136524 0.045611 0.989586 0.000000 0.000000 0.000000 0.000000 1.000000
0.990597 -0.003146 0.136779 0.000000 0.009315 0.998967 -0.044487 12.404900 -0.136498 0.045342 0.989602 -0.000000 0.000000 0.000000 0.000000 1.000000
0.990571 -0.003243 0.136960 0.000000 0.009381 0.998979 -0.044194 12.404900 -0.136676 0.045062 0.989590 0.000000 0.000000 0.000000 0.000000 1.000000
0.990544 -0.003426 0.137153 0.000000 0.009545 0.998987 -0.043982 12.404900 -0.136864 0.044875 0.989573 0.000000 0.000000 0.000000 0.000000 1.000000
0.990529 -0.003565 0.137258 0.000000 0.009678 0.998990 -0.043889 12.404900 -0.136963 0.044802 0.989562 0.000000 0.000000 0.000000 0.000000 1.000000
0.990516 -0.003564 0.137350 0.000000 0.009670 0.998993 -0.043814 12.404900 -0.137056 0.044726 0.989553 0.000000 0.000000 0.000000 0.000000 1.000000
0.990511 -0.003579 0.137385 0.000000 0.009672 0.998997 -0.043713 12.404900 -0.137090 0.044627 0.989553 0.000000 0.000000 0.000000 0.000000 1.000000
0.990525 -0.003778 0.137281 -0.000000 0.009859 0.998998 -0.043644 12.404900 -0.136978 0.044584 0.989570 -0.000000 0.000000 0.000000 0.000000 1.000000
0.990538 -0.003963 0.137181 0.000000 0.010044 0.998996 -0.043666 12.404900 -0.136870 0.044630 0.989583 0.000000 0.000000 0.000000 0.000000 1.000000
0.990537 -0.003943 0.137191 -0.000000 0.010040 0.998991 -0.043773 12.404900 -0.136880 0.044736 0.989577 -0.000000 0.000000 0.000000 0.000000 1.000000
0.990535 -0.003910 0.137205 0.000000 0.010033 0.998983 -0.043967 12.404900 -0.136894 0.044927 0.989566 -0.000000 0.000000 0.000000 0.000000 1.000000
0.990541 -0.003975 0.137161 0.000000 0.010153 0.998963 -0.044376 12.404900 -0.136842 0.045349 0.989554 0.000000 0.000000 0.000000 0.000000 1.000000
0.990540 -0.003920 0.137167 0.000000 0.010187 0.998934 -0.045016 12.404900 -0.136844 0.045988 0.989525 0.000000 0.000000 0.000000 0.000000 1.000000
0.990533 -0.003700 0.137225 0.000000 0.010047 0.998910 -0.045594 12.404900 -0.136907 0.046541 0.989490 0.000000 0.000000 0.000000 0.000000 1.000000
0.990537 -0.003554 0.137201 -0.000000 0.009950 0.998894 -0.045959 12.404900 -0.136886 0.046889 0.989476 -0.000000 0.000000 0.000000 0.000000 1.000000</float_array>
        <technique_common>
          <accessor source="#mixamorig1_Spine1-Matrix-animation-output-transform-array" count="41" stride="16">
            <param type="float4x4"/>
          </accessor>
        </technique_common>
      </source>
      <source id="mixamorig1_Spine1-Interpolations">
        <Name_array id="mixamorig1_Spine1-Interpolations-array" count="41">
 LINEAR LINEAR LINEAR LINEAR LINEAR LINEAR LINEAR LINEAR LINEAR LINEAR LINEAR
LINEAR LINEAR LINEAR LINEAR LINEAR LINEAR LINEAR LINEAR LINEAR LINEAR LINEAR LINEAR
LINEAR LINEAR LINEAR LINEAR LINEAR LINEAR LINEAR LINEAR LINEAR LINEAR LINEAR LINEAR
LINEAR LINEAR LINEAR LINEAR LINEAR LINEAR</Name_array>
        <technique_common>
          <accessor source="#mixamorig1_Spine1-Interpolations-array" count="41">
            <param type="name"/>
          </accessor>
        </technique_common>
      </source>
      <sampler id="mixamorig1_Spine1-Matrix-animation-transform">
        <input semantic="INPUT" source="#mixamorig1_Spine1-Matrix-animation-input"/>
        <input semantic="OUTPUT" source="#mixamorig1_Spine1-Matrix-animation-output-transform"/>
        <input semantic="INTERPOLATION" source="#mixamorig1_Spine1-Interpolations"/>
      </sampler>
      <channel source="#mixamorig1_Spine1-Matrix-animation-transform" target="mixamorig1_Spine1/matrix"/>
    </animation>
    <animation id="mixamorig1_Spine2-anim" name="mixamorig1_Spine2">
      <source id="mixamorig1_Spine2-Matrix-animation-input">
        <float_array id="mixamorig1_Spine2-Matrix-animation-input-array" count="41">

0.000000 0.033333 0.066667 0.100000 0.133333 0.166667 0.200000 0.233333 0.266667 0.300000 0.333333 0.366667 0.400000 0.433333 0.466667 0.500000
0.533333 0.566667 0.600000 0.633333 0.666667 0.700000 0.733333 0.766667 0.800000 0.833333 0.866667 0.900000 0.933333 0.966667 1.000000 1.033333
1.066667 1.100000 1.133333 1.166667 1.200000 1.233333 1.266667 1.300000 1.333333</float_array>
        <technique_common>
          <accessor source="#mixamorig1_Spine2-Matrix-animation-input-array" count="41">
            <param name="TIME" type="float"/>
          </accessor>
        </technique_common>
      </source>
      <source id="mixamorig1_Spine2-Matrix-animation-output-transform">
        <float_array id="mixamorig1_Spine2-Matrix-animation-output-transform-array" count="656">

0.990540 -0.000374 0.137221 -0.000000 0.006957 0.998847 -0.047498 14.177000 -0.137045 0.048003 0.989401 -0.000000 0.000000 0.000000 0.000000 1.000000
0.990544 -0.000307 0.137192 0.000000 0.006902 0.998843 -0.047598 14.177000 -0.137018 0.048095 0.989400 0.000000 0.000000 0.000000 0.000000 1.000000
0.990566 -0.000150 0.137036 0.000000 0.006769 0.998832 -0.047835 14.177000 -0.136869 0.048311 0.989410 0.000000 0.000000 0.000000 0.000000 1.000000
0.990597 -0.000059 0.136811 0.000000 0.006689 0.998825 -0.048000 14.177000 -0.136648 0.048463 0.989434 -0.000000 0.000000 0.000000 0.000000 1.000000
0.990622 -0.000028 0.136633 0.000000 0.006664 0.998820 -0.048108 14.177000 -0.136470 0.048567 0.989453 0.000000 0.000000 0.000000 0.000000 1.000000
0.990614 0.000052 0.136686 0.000000 0.006611 0.998811 -0.048298 14.177000 -0.136526 0.048748 0.989436 0.000000 0.000000 0.000000 0.000000 1.000000
0.990589 0.000160 0.136873 -0.000000 0.006546 0.998800 -0.048542 14.177000 -0.136716 0.048981 0.989399 0.000000 0.000000 0.000000 0.000000 1.000000
0.990588 0.000245 0.136875 0.000000 0.006484 0.998792 -0.048717 14.177000 -0.136722 0.049146 0.989390 0.000000 0.000000 0.000000 0.000000 1.000000
0.990620 0.000353 0.136646 0.000000 0.006374 0.998788 -0.048795 14.177000 -0.136497 0.049208 0.989418 -0.000000 0.000000 0.000000 0.000000 1.000000
0.990666 0.000540 0.136313 0.000000 0.006182 0.998785 -0.048882 14.177000 -0.136174 0.049268 0.989459 0.000000 0.000000 0.000000 0.000000 1.000000
0.990713 0.000774 0.135970 0.000000 0.005944 0.998781 -0.048997 14.177000 -0.135843 0.049351 0.989501 -0.000000 0.000000 0.000000 0.000000 1.000000
0.990749 0.001040 0.135703 0.000000 0.005660 0.998784 -0.048977 14.177000 -0.135589 0.049292 0.989538 0.000000 0.000000 0.000000 0.000000 1.000000
0.990780 0.001374 0.135476 0.000000 0.005294 0.998792 -0.048844 14.177000 -0.135380 0.049110 0.989576 0.000000 0.000000 0.000000 0.000000 1.000000
0.990816 0.001707 0.135208 -0.000000 0.004932 0.998798 -0.048758 14.177000 -0.135129 0.048977 0.989617 0.000000 0.000000 0.000000 0.000000 1.000000
0.990835 0.001879 0.135067 0.000000 0.004739 0.998804 -0.048661 14.177000 -0.134997 0.048855 0.989641 -0.000000 0.000000 0.000000 0.000000 1.000000
0.990814 0.001876 0.135218 -0.000000 0.004724 0.998813 -0.048474 14.177000 -0.135149 0.048667 0.989629 -0.000000 0.000000 0.000000 0.000000 1.000000
0.990785 0.001845 0.135434 0.000000 0.004730 0.998826 -0.048209 14.177000 -0.135363 0.048406 0.989613 -0.000000 0.000000 0.000000 0.000000 1.000000
0.990778 0.001838 0.135484 0.000000 0.004696 0.998841 -0.047894 14.177000 -0.135416 0.048088 0.989621 0.000000 0.000000 0.000000 0.000000 1.000000
0.990781 0.001789 0.135464 0.000000 0.004704 0.998856 -0.047596 14.177000 -0.135394 0.047794 0.989638 0.000000 0.000000 0.000000 0.000000 1.000000
0.990768 0.001645 0.135561 0.000000 0.004816 0.998868 -0.047321 14.177000 -0.135485 0.047537 0.989638 0.000000 0.000000 0.000000 0.000000 1.000000
0.990728 0.001410 0.135853 -0.000000 0.005027 0.998881 -0.047029 14.177000 -0.135767 0.047276 0.989612 -0.000000 0.000000 0.000000 0.000000 1.000000
0.990671 0.001174 0.136270 0.000000 0.005250 0.998892 -0.046770 14.177000 -0.136174 0.047049 0.989567 0.000000 0.000000 0.000000 0.000000 1.000000
0.990614 0.000978 0.136689 0.000000 0.005453 0.998896 -0.046666 14.177000 -0.136584 0.046973 0.989514 0.000000 0.000000 0.000000 0.000000 1.000000
0.990571 0.000751 0.136995 0.000000 0.005700 0.998893 -0.046689 14.177000 -0.136878 0.047029 0.989471 0.000000 0.000000 0.000000 0.000000 1.000000
0.990557 0.000472 0.137104 0.000000 0.005983 0.998892 -0.046669 14.177000 -0.136974 0.047049 0.989457 -0.000000 0.000000 0.000000 0.000000 1.000000
0.990571 0.000231 0.137000 0.000000 0.006202 0.998898 -0.046529 14.177000 -0.136860 0.046939 0.989478 0.000000 0.000000 0.000000 0.000000 1.000000
0.990597 0.000099 0.136813 0.000000 0.006295 0.998908 -0.046302 14.177000 -0.136668 0.046728 0.989514 0.000000 0.000000 0.000000 0.000000 1.000000
0.990602 0.000035 0.136777 0.000000 0.006320 0.998920 -0.046028 14.177000 -0.136631 0.046460 0.989532 0.000000 0.000000 0.000000 0.000000 1.000000
0.990579 -0.000102 0.136943 0.000000 0.006426 0.998933 -0.045733 14.177000 -0.136793 0.046182 0.989523 -0.000000 0.000000 0.000000 0.000000 1.000000
0.990555 -0.000320 0.137114 -0.000000 0.006625 0.998941 -0.045529 14.177000 -0.136955 0.046008 0.989508 -0.000000 0.000000 0.000000 0.000000 1.000000
0.990543 -0.000494 0.137200 -0.000000 0.006793 0.998944 -0.045447 14.177000 -0.137032 0.045949 0.989500 -0.000000 0.000000 0.000000 0.000000 1.000000
0.990533 -0.000529 0.137275 0.000000 0.006822 0.998946 -0.045381 14.177000 -0.137106 0.045888 0.989493 -0.000000 0.000000 0.000000 0.000000 1.000000
0.990531 -0.000573 0.137291 0.000000 0.006856 0.998950 -0.045291 14.177000 -0.137121 0.045804 0.989495 0.000000 0.000000 0.000000 0.000000 1.000000
0.990547 -0.000792 0.137174 -0.000000 0.007063 0.998952 -0.045232 14.177000 -0.136994 0.045773 0.989514 0.000000 0.000000 0.000000 0.000000 1.000000
0.990561 -0.000990 0.137068 0.000000 0.007261 0.998949 -0.045256 14.177000 -0.136879 0.045824 0.989527 -0.000000 0.000000 0.000000 0.000000 1.000000
0.990560 -0.000973 0.137078 0.000000 0.007259 0.998944 -0.045364 14.177000 -0.136889 0.045930 0.989521 0.000000 0.000000 0.000000 0.000000 1.000000
0.990557 -0.000918 0.137099 0.000000 0.007232 0.998935 -0.045559 14.177000 -0.136912 0.046120 0.989509 0.000000 0.000000 0.000000 0.000000 1.000000
0.990561 -0.000935 0.137072 -0.000000 0.007304 0.998916 -0.045968 14.177000 -0.136881 0.046535 0.989494 0.000000 0.000000 0.000000 0.000000 1.000000
0.990555 -0.000823 0.137110 0.000000 0.007281 0.998887 -0.046599 14.177000 -0.136919 0.047158 0.989459 0.000000 0.000000 0.000000 0.000000 1.000000
0.990542 -0.000556 0.137208 0.000000 0.007093 0.998862 -0.047158 14.177000 -0.137025 0.047685 0.989419 0.000000 0.000000 0.000000 0.000000 1.000000
0.990540 -0.000374 0.137220 -0.000000 0.006957 0.998847 -0.047498 14.177000 -0.137044 0.048003 0.989401 -0.000000 0.000000 0.000000 0.000000 1.000000</float_array>
        <technique_common>
          <accessor source="#mixamorig1_Spine2-Matrix-animation-output-transform-array" count="41" stride="16">
            <param type="float4x4"/>
          </accessor>
        </technique_common>
      </source>
      <source id="mixamorig1_Spine2-Interpolations">
        <Name_array id="mixamorig1_Spine2-Interpolations-array" count="41">
 LINEAR LINEAR LINEAR LINEAR LINEAR LINEAR LINEAR LINEAR LINEAR LINEAR LINEAR
LINEAR LINEAR LINEAR LINEAR LINEAR LINEAR LINEAR LINEAR LINEAR LINEAR LINEAR LINEAR
LINEAR LINEAR LINEAR LINEAR LINEAR LINEAR LINEAR LINEAR LINEAR LINEAR LINEAR LINEAR
LINEAR LINEAR LINEAR LINEAR LINEAR LINEAR</Name_array>
        <technique_common>
          <accessor source="#mixamorig1_Spine2-Interpolations-array" count="41">
            <param type="name"/>
          </accessor>
        </technique_common>
      </source>
      <sampler id="mixamorig1_Spine2-Matrix-animation-transform">
        <input semantic="INPUT" source="#mixamorig1_Spine2-Matrix-animation-input"/>
        <input semantic="OUTPUT" source="#mixamorig1_Spine2-Matrix-animation-output-transform"/>
        <input semantic="INTERPOLATION" source="#mixamorig1_Spine2-Interpolations"/>
      </sampler>
      <channel source="#mixamorig1_Spine2-Matrix-animation-transform" target="mixamorig1_Spine2/matrix"/>
    </animation>
    <animation id="mixamorig1_Neck-anim" name="mixamorig1_Neck">
      <source id="mixamorig1_Neck-Matrix-animation-input">
        <float_array id="mixamorig1_Neck-Matrix-animation-input-array" count="41">

0.000000 0.033333 0.066667 0.100000 0.133333 0.166667 0.200000 0.233333 0.266667 0.300000 0.333333 0.366667 0.400000 0.433333 0.466667 0.500000
0.533333 0.566667 0.600000 0.633333 0.666667 0.700000 0.733333 0.766667 0.800000 0.833333 0.866667 0.900000 0.933333 0.966667 1.000000 1.033333
1.066667 1.100000 1.133333 1.166667 1.200000 1.233333 1.266667 1.300000 1.333333</float_array>
        <technique_common>
          <accessor source="#mixamorig1_Neck-Matrix-animation-input-array" count="41">
            <param name="TIME" type="float"/>
          </accessor>
        </technique_common>
      </source>
      <source id="mixamorig1_Neck-Matrix-animation-output-transform">
        <float_array id="mixamorig1_Neck-Matrix-animation-output-transform-array" count="656">

0.989933 0.076751 0.118922 0.000000 -0.040300 0.958276 -0.282988 15.949100 -0.135680 0.275347 0.951722 0.000000 0.000000 0.000000 0.000000 1.000000
0.989968 0.076573 0.118746 0.000000 -0.040263 0.958454 -0.282390 15.949100 -0.135436 0.274776 0.951922 0.000000 0.000000 0.000000 0.000000 1.000000
0.990006 0.076523 0.118461 0.000000 -0.040381 0.958628 -0.281783 15.949100 -0.135123 0.274183 0.952137 0.000000 0.000000 0.000000 0.000000 1.000000
0.990041 0.076458 0.118209 0.000000 -0.040459 0.958773 -0.281277 15.949100 -0.134841 0.273693 0.952318 0.000000 0.000000 0.000000 0.000000 1.000000
0.990039 0.076494 0.118200 0.000000 -0.040591 0.958963 -0.280611 15.949100 -0.134815 0.273019 0.952516 0.000000 0.000000 0.000000 0.000000 1.000000
0.990024 0.076608 0.118255 -0.000000 -0.040806 0.959201 -0.279763 15.949100 -0.134862 0.272147 0.952758 -0.000000 0.000000 0.000000 0.000000 1.000000
0.990022 0.076690 0.118212 -0.000000 -0.040984 0.959370 -0.279158 15.949100 -0.134818 0.271528 0.952941 0.000000 0.000000 0.000000 0.000000 1.000000
0.990013 0.076665 0.118304 0.000000 -0.040961 0.959428 -0.278964 15.949100 -0.134891 0.271332 0.952987 -0.000000 0.000000 0.000000 0.000000 1.000000
0.989986 0.076472 0.118661 0.000000 -0.040696 0.959480 -0.278823 15.949100 -0.135175 0.271202 0.952983 0.000000 0.000000 0.000000 0.000000 1.000000
0.989947 0.076208 0.119157 -0.000000 -0.040366 0.959623 -0.278377 15.949100 -0.135560 0.270768 0.953052 0.000000 0.000000 0.000000 0.000000 1.000000
0.989910 0.076069 0.119549 -0.000000 -0.040217 0.959820 -0.277721 15.949100 -0.135871 0.270111 0.953194 -0.000000 0.000000 0.000000 0.000000 1.000000
0.989891 0.076036 0.119723 0.000000 -0.040218 0.959985 -0.277150 15.949100 -0.136005 0.269533 0.953339 0.000000 0.000000 0.000000 0.000000 1.000000
0.989887 0.075964 0.119803 0.000000 -0.040184 0.960101 -0.276750 15.949100 -0.136046 0.269137 0.953445 -0.000000 0.000000 0.000000 0.000000 1.000000
0.989887 0.075856 0.119871 0.000000 -0.040089 0.960162 -0.276555 15.949100 -0.136074 0.268953 0.953493 -0.000000 0.000000 0.000000 0.000000 1.000000
0.989891 0.075804 0.119877 -0.000000 -0.040033 0.960157 -0.276578 15.949100 -0.136066 0.268983 0.953485 0.000000 0.000000 0.000000 0.000000 1.000000
0.989900 0.075825 0.119783 -0.000000 -0.040062 0.960121 -0.276699 15.949100 -0.135987 0.269105 0.953462 -0.000000 0.000000 0.000000 0.000000 1.000000
0.989910 0.075830 0.119700 -0.000000 -0.040071 0.960084 -0.276828 15.949100 -0.135914 0.269238 0.953435 0.000000 0.000000 0.000000 0.000000 1.000000
0.989923 0.075733 0.119656 -0.000000 -0.039961 0.960032 -0.277024 15.949100 -0.135853 0.269451 0.953384 -0.000000 0.000000 0.000000 0.000000 1.000000
0.989950 0.075585 0.119525 0.000000 -0.039806 0.959940 -0.277362 15.949100 -0.135701 0.269817 0.953302 0.000000 0.000000 0.000000 0.000000 1.000000
0.989986 0.075466 0.119297 -0.000000 -0.039689 0.959818 -0.277804 15.949100 -0.135468 0.270287 0.953201 -0.000000 0.000000 0.000000 0.000000 1.000000
0.990011 0.075400 0.119133 0.000000 -0.039605 0.959686 -0.278269 15.949100 -0.135311 0.270771 0.953086 0.000000 0.000000 0.000000 0.000000 1.000000
0.990025 0.075320 0.119066 0.000000 -0.039472 0.959540 -0.278793 15.949100 -0.135247 0.271312 0.952942 0.000000 0.000000 0.000000 0.000000 1.000000
0.990049 0.075222 0.118930 -0.000000 -0.039318 0.959351 -0.279465 15.949100 -0.135118 0.272008 0.952762 0.000000 0.000000 0.000000 0.000000 1.000000
0.990070 0.075253 0.118733 0.000000 -0.039304 0.959147 -0.280164 15.949100 -0.134966 0.272715 0.952581 -0.000000 0.000000 0.000000 0.000000 1.000000
0.990059 0.075491 0.118675 0.000000 -0.039462 0.958958 -0.280789 15.949100 -0.135001 0.273314 0.952404 0.000000 0.000000 0.000000 0.000000 1.000000
0.990040 0.075705 0.118699 0.000000 -0.039565 0.958752 -0.281477 15.949100 -0.135113 0.273977 0.952198 0.000000 0.000000 0.000000 0.000000 1.000000
0.990048 0.075619 0.118685 0.000000 -0.039385 0.958549 -0.282193 15.949100 -0.135105 0.274710 0.951988 0.000000 0.000000 0.000000 0.000000 1.000000
0.990064 0.075487 0.118639 -0.000000 -0.039184 0.958380 -0.282794 15.949100 -0.135049 0.275336 0.951815 0.000000 0.000000 0.000000 0.000000 1.000000
0.990045 0.075713 0.118654 -0.000000 -0.039317 0.958204 -0.283372 15.949100 -0.135149 0.275886 0.951642 -0.000000 0.000000 0.000000 0.000000 1.000000
0.990007 0.076096 0.118723 0.000000 -0.039580 0.958010 -0.283990 15.949100 -0.135348 0.276453 0.951449 0.000000 0.000000 0.000000 0.000000 1.000000
0.989985 0.076351 0.118744 -0.000000 -0.039740 0.957834 -0.284560 15.949100 -0.135463 0.276991 0.951276 -0.000000 0.000000 0.000000 0.000000 1.000000
0.989976 0.076479 0.118733 0.000000 -0.039797 0.957686 -0.285051 15.949100 -0.135510 0.277469 0.951130 0.000000 0.000000 0.000000 0.000000 1.000000
