<?xml version="1.0" encoding="utf-8"?>
<COLLADA xmlns="http://www.collada.org/2005/11/COLLADASchema" version="1.4.1">
  <asset>
    <contributor>
      <author>Mixamo</author>
      <authoring_tool>COLLADA Mixamo exporter</authoring_tool>
      <comments/>
    </contributor>
    <created>2025-06-01T08:48:49Z</created>
    <modified>2025-06-01T08:48:49Z</modified>
    <revision/>
    <title/>
    <unit meter="0.010000"/>
    <up_axis>Y_UP</up_axis>
  </asset>
  <library_animations>
    <animation id="mixamorig12_Hips-anim" name="mixamorig12_Hips">
      <source id="mixamorig12_Hips-Matrix-animation-input">
        <float_array id="mixamorig12_Hips-Matrix-animation-input-array" count="78">

0.000000 0.033333 0.066667 0.100000 0.133333 0.166667 0.200000 0.233333 0.266667 0.300000 0.333333 0.366667 0.400000 0.433333 0.466667 0.500000
0.533333 0.566667 0.600000 0.633333 0.666667 0.700000 0.733333 0.766667 0.800000 0.833333 0.866667 0.900000 0.933333 0.966667 1.000000 1.033333
1.066667 1.100000 1.133333 1.166667 1.200000 1.233333 1.266667 1.300000 1.333333 1.366667 1.400000 1.433333 1.466667 1.500000 1.533333 1.566667
1.600000 1.633333 1.666667 1.700000 1.733333 1.766667 1.800000 1.833333 1.866667 1.900000 1.933333 1.966667 2.000000 2.033333 2.066667 2.100000
2.133333 2.166667 2.200000 2.233333 2.266667 2.300000 2.333333 2.366667 2.400000 2.433333 2.466667 2.500000 2.533333 2.566667</float_array>
        <technique_common>
          <accessor source="#mixamorig12_Hips-Matrix-animation-input-array" count="78">
            <param name="TIME" type="float"/>
          </accessor>
        </technique_common>
      </source>
      <source id="mixamorig12_Hips-Matrix-animation-output-transform">
        <float_array id="mixamorig12_Hips-Matrix-animation-output-transform-array" count="1248">

0.840154 0.101155 -0.532832 0.090223 0.026110 0.973769 0.226034 95.785950 0.541720 -0.203816 0.815475 -0.253527 0.000000 0.000000 0.000000 1.000000
0.838617 0.097917 -0.535848 0.104692 0.028468 0.974489 0.222624 95.745071 0.543977 -0.201951 0.814435 -0.343467 0.000000 0.000000 0.000000 1.000000
0.836993 0.094663 -0.538964 0.152700 0.031057 0.975118 0.219499 95.578156 0.546332 -0.200458 0.813227 -0.495777 0.000000 0.000000 0.000000 1.000000
0.836140 0.093013 -0.540573 0.268040 0.031311 0.975817 0.216334 95.178474 0.547622 -0.197811 0.813007 -0.651980 0.000000 0.000000 0.000000 1.000000
0.836235 0.092383 -0.540534 0.475857 0.028586 0.977023 0.211207 94.520569 0.547626 -0.192071 0.814380 -0.753601 0.000000 0.000000 0.000000 1.000000
0.837167 0.091270 -0.539278 0.730117 0.026114 0.978184 0.206091 93.659416 0.546323 -0.186615 0.816520 -0.779736 0.000000 0.000000 0.000000 1.000000
0.846177 0.089529 -0.525327 0.898844 0.025056 0.978012 0.207036 92.660866 0.532312 -0.188352 0.825329 -0.687524 0.000000 0.000000 0.000000 1.000000
0.877945 0.083934 -0.471347 0.777704 0.021842 0.976465 0.214566 91.684258 0.478264 -0.198672 0.855449 -0.459318 0.000000 0.000000 0.000000 1.000000
0.930367 0.064491 -0.360913 0.114740 0.019282 0.974438 0.223827 90.884705 0.366123 -0.215200 0.905341 -0.137549 0.000000 0.000000 0.000000 1.000000
0.978030 0.024557 -0.207014 -1.107686 0.024804 0.972275 0.232523 90.183807 0.206985 -0.232549 0.950304 0.400257 0.000000 0.000000 0.000000 1.000000
0.998934 -0.030757 -0.034425 -2.694084 0.038209 0.969358 0.242664 89.541672 0.025906 -0.243720 0.969499 1.321480 0.000000 0.000000 0.000000 1.000000
0.987327 -0.089171 0.131280 -4.491758 0.053917 0.966490 0.250978 88.966141 -0.149261 -0.240719 0.959049 2.522562 0.000000 0.000000 0.000000 1.000000
0.950516 -0.137897 0.278395 -6.259864 0.066843 0.965882 0.250209 88.279556 -0.303400 -0.219219 0.927303 3.979275 0.000000 0.000000 0.000000 1.000000
0.890877 -0.174924 0.419212 -7.687470 0.075680 0.967138 0.242728 87.276611 -0.447895 -0.184515 0.874840 5.770991 0.000000 0.000000 0.000000 1.000000
0.808540 -0.202500 0.552501 -8.442245 0.080625 0.968190 0.236869 85.988716 -0.582892 -0.146972 0.799147 7.870392 0.000000 0.000000 0.000000 1.000000
0.727284 -0.220369 0.649997 -8.433462 0.084032 0.968518 0.234334 84.725739 -0.681173 -0.115807 0.722905 10.024146 0.000000 0.000000 0.000000 1.000000
0.673697 -0.219855 0.705547 -7.813001 0.083681 0.971276 0.222755 83.833656 -0.734255 -0.091029 0.672743 12.045116 0.000000 0.000000 0.000000 1.000000
0.637375 -0.206507 0.742366 -6.785449 0.079844 0.975933 0.202927 83.456772 -0.766406 -0.070067 0.638524 13.829336 0.000000 0.000000 0.000000 1.000000
0.602916 -0.200746 0.772136 -5.490587 0.080733 0.978209 0.191283 83.458099 -0.793710 -0.052991 0.605984 15.287006 0.000000 0.000000 0.000000 1.000000
0.581052 -0.201835 0.788442 -4.015657 0.086700 0.978599 0.186619 83.718994 -0.809235 -0.040077 0.586116 16.457239 0.000000 0.000000 0.000000 1.000000
0.587205 -0.199305 0.784518 -2.503530 0.090483 0.979300 0.181064 84.283287 -0.804365 -0.035336 0.593084 17.479860 0.000000 0.000000 0.000000 1.000000
0.628088 -0.191653 0.754171 -1.091805 0.086745 0.980399 0.176900 85.241928 -0.773292 -0.045688 0.632402 18.372574 0.000000 0.000000 0.000000 1.000000
0.708943 -0.180231 0.681848 0.124326 0.081362 0.981241 0.174774 86.630363 -0.700557 -0.068428 0.710308 18.841137 0.000000 0.000000 0.000000 1.000000
0.802181 -0.164836 0.573877 0.859058 0.063853 0.979309 0.192033 88.425522 -0.593657 -0.117402 0.796108 18.880905 0.000000 0.000000 0.000000 1.000000
0.862945 -0.131370 0.487923 0.862246 0.007291 0.968749 0.247934 90.611610 -0.505246 -0.210396 0.836935 19.094372 0.000000 0.000000 0.000000 1.000000
0.911140 -0.105501 0.398364 0.428874 -0.013050 0.958803 0.283772 92.712143 -0.411890 -0.263754 0.872227 18.850828 0.000000 0.000000 0.000000 1.000000
0.946085 -0.104852 0.306478 -0.283498 0.016887 0.960838 0.276594 94.317337 -0.323477 -0.256506 0.910806 17.820036 0.000000 0.000000 0.000000 1.000000
0.935077 -0.078310 0.345687 -0.807687 -0.019968 0.962100 0.271963 95.624542 -0.353883 -0.261209 0.898074 17.378935 0.000000 0.000000 0.000000 1.000000
0.891636 -0.038811 0.451087 -0.445838 -0.084985 0.964263 0.250947 97.000565 -0.444706 -0.262089 0.856473 17.579380 0.000000 0.000000 0.000000 1.000000
0.882029 -0.012645 0.471025 0.703685 -0.091646 0.975946 0.197813 98.067360 -0.462196 -0.217644 0.859654 18.148441 0.000000 0.000000 0.000000 1.000000
0.930883 -0.002868 0.365307 2.017642 -0.058064 0.986096 0.155701 98.641731 -0.360674 -0.166151 0.917773 18.683594 0.000000 0.000000 0.000000 1.000000
0.978320 0.006991 0.206981 3.173130 -0.035603 0.990229 0.134833 98.847809 -0.204016 -0.139279 0.969009 18.855930 0.000000 0.000000 0.000000 1.000000
0.996308 0.025068 0.082115 4.148016 -0.032998 0.994768 0.096682 98.912903 -0.079261 -0.099034 0.991922 18.910528 0.000000 0.000000 0.000000 1.000000
0.998895 0.039851 0.024915 4.963269 -0.040863 0.998300 0.041553 98.908249 -0.023216 -0.042526 0.998826 19.106026 0.000000 0.000000 0.000000 1.000000
0.998482 0.050944 0.020931 5.448372 -0.050753 0.998666 -0.009552 98.739449 -0.021389 0.008475 0.999735 19.261442 0.000000 0.000000 0.000000 1.000000
0.997636 0.054117 0.042353 5.562616 -0.051407 0.996711 -0.062649 98.543915 -0.045604 0.060324 0.997137 19.313658 0.000000 0.000000 0.000000 1.000000
0.995517 0.045483 0.082935 5.747309 -0.035676 0.992595 -0.116111 98.319885 -0.087602 0.112632 0.989768 19.594172 0.000000 0.000000 0.000000 1.000000
0.990110 0.035865 0.135628 6.080413 -0.015311 0.988620 -0.149654 98.063164 -0.139452 0.146098 0.979392 19.832949 0.000000 0.000000 0.000000 1.000000
0.982066 0.032514 0.185715 6.455886 -0.003411 0.987921 -0.154923 97.827805 -0.188509 0.151511 0.970314 19.884966 0.000000 0.000000 0.000000 1.000000
0.971430 0.026243 0.235871 6.700786 0.007308 0.990088 -0.140257 97.641357 -0.237213 0.137973 0.961610 19.853752 0.000000 0.000000 0.000000 1.000000
0.959386 0.016764 0.281599 6.853153 0.016751 0.993086 -0.116188 97.518211 -0.281599 0.116186 0.952472 19.837725 0.000000 0.000000 0.000000 1.000000
0.955472 0.016226 0.294636 7.014335 0.012288 0.995433 -0.094669 97.474716 -0.294826 0.094074 0.950909 19.683142 0.000000 0.000000 0.000000 1.000000
0.964747 0.024906 0.261997 7.213069 -0.003740 0.996709 -0.080976 97.512909 -0.263152 0.077142 0.961665 19.319042 0.000000 0.000000 0.000000 1.000000
0.978767 0.036751 0.201653 7.450796 -0.023690 0.997485 -0.066807 97.610992 -0.203601 0.060611 0.977176 18.798830 0.000000 0.000000 0.000000 1.000000
0.990152 0.050613 0.130530 7.690826 -0.044665 0.997844 -0.048097 97.740807 -0.132682 0.041793 0.990277 18.115206 0.000000 0.000000 0.000000 1.000000
0.996611 0.063293 0.052548 7.936769 -0.061823 0.997661 -0.029152 97.865936 -0.054270 0.025804 0.998193 17.299730 0.000000 0.000000 0.000000 1.000000
0.996885 0.073566 -0.028448 8.196213 -0.073969 0.997170 -0.013413 97.957870 0.027381 0.015475 0.999505 16.372540 0.000000 0.000000 0.000000 1.000000
0.990738 0.084881 -0.105986 8.438475 -0.085169 0.996365 0.001815 97.975967 0.105754 0.007228 0.994366 15.389119 0.000000 0.000000 0.000000 1.000000
0.979864 0.098292 -0.173795 8.614327 -0.096282 0.995154 0.019981 97.947952 0.174917 -0.002845 0.984579 14.387080 0.000000 0.000000 0.000000 1.000000
0.967484 0.110745 -0.227398 8.717741 -0.103955 0.993709 0.041660 97.948532 0.230581 -0.016666 0.972910 13.356568 0.000000 0.000000 0.000000 1.000000
0.956923 0.120564 -0.264125 8.717790 -0.107166 0.992139 0.064617 97.955734 0.269839 -0.033528 0.962322 12.304194 0.000000 0.000000 0.000000 1.000000
0.949267 0.126191 -0.288041 8.574645 -0.106358 0.990811 0.083560 97.909698 0.295938 -0.048685 0.953966 11.266341 0.000000 0.000000 0.000000 1.000000
0.942555 0.125527 -0.309569 8.303864 -0.100338 0.990306 0.096056 97.797615 0.318626 -0.059477 0.946013 10.280196 0.000000 0.000000 0.000000 1.000000
0.934972 0.120862 -0.333496 7.903192 -0.090880 0.990401 0.104144 97.659073 0.342882 -0.067063 0.936982 9.355709 0.000000 0.000000 0.000000 1.000000
0.926753 0.113850 -0.358005 7.343965 -0.078550 0.990633 0.111693 97.484756 0.367368 -0.075390 0.927015 8.457502 0.000000 0.000000 0.000000 1.000000
0.918517 0.105726 -0.380982 6.666766 -0.062742 0.990351 0.123567 97.274643 0.390371 -0.089595 0.916288 7.556726 0.000000 0.000000 0.000000 1.000000
0.909696 0.098399 -0.403449 5.890089 -0.044928 0.989140 0.139943 97.040367 0.412838 -0.109180 0.904237 6.600663 0.000000 0.000000 0.000000 1.000000
0.900461 0.090632 -0.425390 5.042708 -0.025149 0.987261 0.157106 96.778091 0.434210 -0.130770 0.891270 5.594064 0.000000 0.000000 0.000000 1.000000
0.893635 0.086735 -0.440332 4.221348 -0.009166 0.984470 0.175315 96.479340 0.448700 -0.152632 0.880552 4.560415 0.000000 0.000000 0.000000 1.000000
0.890326 0.093833 -0.445550 3.433018 -0.005315 0.980610 0.195896 96.097458 0.455292 -0.172044 0.873562 3.459630 0.000000 0.000000 0.000000 1.000000
0.888777 0.106261 -0.445853 2.677310 -0.008305 0.976328 0.216134 95.845085 0.458265 -0.188392 0.868621 2.359795 0.000000 0.000000 0.000000 1.000000
0.889899 0.112454 -0.442078 2.000582 -0.007340 0.972541 0.232616 95.678719 0.456098 -0.203760 0.866289 1.375219 0.000000 0.000000 0.000000 1.000000
0.893154 0.111965 -0.435592 1.492629 -0.004104 0.970505 0.241045 95.557716 0.449733 -0.213503 0.867270 0.582467 0.000000 0.000000 0.000000 1.000000
0.893013 0.108857 -0.436667 1.016637 -0.001166 0.970860 0.239643 95.881119 0.450029 -0.213495 0.867118 -0.054504 0.000000 0.000000 0.000000 1.000000
0.885241 0.105101 -0.453104 0.576372 0.003378 0.972659 0.232214 95.914925 0.465121 -0.207096 0.860682 -0.586857 0.000000 0.000000 0.000000 1.000000
0.872738 0.100868 -0.477655 0.287726 0.009426 0.974758 0.223066 95.941948 0.488098 -0.199180 0.849757 -0.991994 0.000000 0.000000 0.000000 1.000000
0.862713 0.096207 -0.496457 0.129975 0.015577 0.976215 0.216246 95.912552 0.505453 -0.194292 0.840695 -1.268668 0.000000 0.000000 0.000000 1.000000
0.857222 0.094437 -0.506214 0.088116 0.019003 0.976569 0.214363 95.871384 0.514597 -0.193376 0.835342 -1.460963 0.000000 0.000000 0.000000 1.000000
0.854527 0.094506 -0.510737 0.106476 0.020574 0.976377 0.215091 95.836388 0.518999 -0.194309 0.832396 -1.584121 0.000000 0.000000 0.000000 1.000000
0.853320 0.094195 -0.512809 0.119779 0.022050 0.976146 0.215993 95.789421 0.520922 -0.195619 0.830887 -1.617164 0.000000 0.000000 0.000000 1.000000
0.852435 0.093736 -0.514361 0.120275 0.023393 0.975974 0.216628 95.723862 0.522309 -0.196694 0.829762 -1.568989 0.000000 0.000000 0.000000 1.000000
0.850399 0.092761 -0.517897 0.106856 0.025392 0.975953 0.216497 95.661255 0.525526 -0.197259 0.827594 -1.457001 0.000000 0.000000 0.000000 1.000000
0.846624 0.091640 -0.524242 0.088160 0.028211 0.975950 0.216160 95.622726 0.531443 -0.197796 0.823678 -1.302216 0.000000 0.000000 0.000000 1.000000
0.842385 0.092190 -0.530932 0.070820 0.029835 0.975768 0.216766 95.614464 0.538050 -0.198440 0.819221 -1.120233 0.000000 0.000000 0.000000 1.000000
0.839260 0.094418 -0.535470 0.070113 0.029741 0.975362 0.218598 95.640015 0.542917 -0.199386 0.815774 -0.919398 0.000000 0.000000 0.000000 1.000000
0.838011 0.096639 -0.537028 0.074798 0.029264 0.974816 0.221084 95.686699 0.544869 -0.200986 0.814078 -0.697225 0.000000 0.000000 0.000000 1.000000
0.838519 0.098675 -0.535862 0.081260 0.028202 0.974287 0.223539 95.739273 0.544142 -0.202554 0.814176 -0.466243 0.000000 0.000000 0.000000 1.000000
0.840154 0.101155 -0.532832 0.090220 0.026110 0.973769 0.226034 95.785965 0.541720 -0.203816 0.815475 -0.253529 0.000000 0.000000 0.000000 1.000000</float_array>
        <technique_common>
          <accessor source="#mixamorig12_Hips-Matrix-animation-output-transform-array" count="78" stride="16">
            <param type="float4x4"/>
          </accessor>
        </technique_common>
      </source>
      <source id="mixamorig12_Hips-Interpolations">
        <Name_array id="mixamorig12_Hips-Interpolations-array" count="78">
 LINEAR LINEAR LINEAR LINEAR LINEAR LINEAR LINEAR LINEAR LINEAR LINEAR LINEAR
LINEAR LINEAR LINEAR LINEAR LINEAR LINEAR LINEAR LINEAR LINEAR LINEAR LINEAR LINEAR
LINEAR LINEAR LINEAR LINEAR LINEAR LINEAR LINEAR LINEAR LINEAR LINEAR LINEAR LINEAR
LINEAR LINEAR LINEAR LINEAR LINEAR LINEAR LINEAR LINEAR LINEAR LINEAR LINEAR LINEAR
LINEAR LINEAR LINEAR LINEAR LINEAR LINEAR LINEAR LINEAR LINEAR LINEAR LINEAR LINEAR
LINEAR LINEAR LINEAR LINEAR LINEAR LINEAR LINEAR LINEAR LINEAR LINEAR LINEAR LINEAR
LINEAR LINEAR LINEAR LINEAR LINEAR LINEAR LINEAR</Name_array>
        <technique_common>
          <accessor source="#mixamorig12_Hips-Interpolations-array" count="78">
            <param type="name"/>
          </accessor>
        </technique_common>
      </source>
      <sampler id="mixamorig12_Hips-Matrix-animation-transform">
        <input semantic="INPUT" source="#mixamorig12_Hips-Matrix-animation-input"/>
        <input semantic="OUTPUT" source="#mixamorig12_Hips-Matrix-animation-output-transform"/>
        <input semantic="INTERPOLATION" source="#mixamorig12_Hips-Interpolations"/>
      </sampler>
      <channel source="#mixamorig12_Hips-Matrix-animation-transform" target="mixamorig12_Hips/matrix"/>
    </animation>
    <animation id="mixamorig12_Spine-anim" name="mixamorig12_Spine">
      <source id="mixamorig12_Spine-Matrix-animation-input">
        <float_array id="mixamorig12_Spine-Matrix-animation-input-array" count="78">

0.000000 0.033333 0.066667 0.100000 0.133333 0.166667 0.200000 0.233333 0.266667 0.300000 0.333333 0.366667 0.400000 0.433333 0.466667 0.500000
0.533333 0.566667 0.600000 0.633333 0.666667 0.700000 0.733333 0.766667 0.800000 0.833333 0.866667 0.900000 0.933333 0.966667 1.000000 1.033333
1.066667 1.100000 1.133333 1.166667 1.200000 1.233333 1.266667 1.300000 1.333333 1.366667 1.400000 1.433333 1.466667 1.500000 1.533333 1.566667
1.600000 1.633333 1.666667 1.700000 1.733333 1.766667 1.800000 1.833333 1.866667 1.900000 1.933333 1.966667 2.000000 2.033333 2.066667 2.100000
2.133333 2.166667 2.200000 2.233333 2.266667 2.300000 2.333333 2.366667 2.400000 2.433333 2.466667 2.500000 2.533333 2.566667</float_array>
        <technique_common>
          <accessor source="#mixamorig12_Spine-Matrix-animation-input-array" count="78">
            <param name="TIME" type="float"/>
          </accessor>
        </technique_common>
      </source>
      <source id="mixamorig12_Spine-Matrix-animation-output-transform">
        <float_array id="mixamorig12_Spine-Matrix-animation-output-transform-array" count="1248">

0.983456 0.015289 0.180503 0.000000 0.014356 0.986721 -0.161790 10.052400 -0.180579 0.161705 0.970177 -1.105100 0.000000 0.000000 0.000000 1.000000
0.983465 0.019402 0.180057 0.000000 0.010778 0.986211 -0.165141 10.052400 -0.180778 0.164352 0.969695 -1.105100 0.000000 0.000000 0.000000 1.000000
0.983980 0.025987 0.176373 0.000000 0.005048 0.984861 -0.173272 10.052400 -0.178205 0.171386 0.968953 -1.105100 0.000000 0.000000 0.000000 1.000000
0.985370 0.031251 0.167540 -0.000000 0.000219 0.982812 -0.184611 10.052400 -0.170429 0.181947 0.968426 -1.105100 0.000000 0.000000 0.000000 1.000000
0.987224 0.034833 0.155482 0.000000 -0.003876 0.980772 -0.195118 10.052400 -0.159289 0.192022 0.968377 -1.105100 0.000000 0.000000 0.000000 1.000000
0.988842 0.042946 0.142644 0.000000 -0.012846 0.978559 -0.205567 10.052400 -0.148414 0.201441 0.968191 -1.105100 0.000000 0.000000 0.000000 1.000000
0.991095 0.056257 0.120687 0.000000 -0.028549 0.975066 -0.220073 10.052400 -0.130059 0.214668 0.967989 -1.105100 0.000000 0.000000 0.000000 1.000000
0.994323 0.067231 0.082476 0.000000 -0.046191 0.970985 -0.234636 10.052400 -0.095857 0.229494 0.968578 -1.105100 0.000000 0.000000 0.000000 1.000000
0.995765 0.079838 0.045579 0.000000 -0.066550 0.968049 -0.241768 10.052400 -0.063426 0.237711 0.969263 -1.105100 0.000000 0.000000 0.000000 1.000000
0.994768 0.097305 0.031104 0.000000 -0.087077 0.966885 -0.239900 10.052400 -0.053418 0.235936 0.970299 -1.105100 0.000000 0.000000 0.000000 1.000000
0.992543 0.113439 0.044603 0.000000 -0.100125 0.967443 -0.232440 10.052400 -0.069519 0.226241 0.971587 -1.105100 0.000000 0.000000 0.000000 1.000000
0.986822 0.130581 0.095556 -0.000000 -0.106646 0.969006 -0.222833 10.052400 -0.121692 0.209706 0.970162 -1.105100 0.000000 0.000000 0.000000 1.000000
0.971438 0.147300 0.186038 0.000000 -0.106824 0.971538 -0.211430 10.052400 -0.211886 0.185518 0.959524 -1.105100 0.000000 0.000000 0.000000 1.000000
0.942759 0.158360 0.293475 -0.000000 -0.101340 0.974482 -0.200288 10.052400 -0.317704 0.159083 0.934750 -1.105100 0.000000 0.000000 0.000000 1.000000
0.901785 0.164058 0.399836 -0.000000 -0.092601 0.977011 -0.192029 10.052400 -0.422148 0.136144 0.896246 -1.105100 0.000000 0.000000 0.000000 1.000000
0.852967 0.167681 0.494298 0.000000 -0.083651 0.978669 -0.187644 10.052400 -0.515218 0.118705 0.848799 -1.105100 0.000000 0.000000 0.000000 1.000000
0.799204 0.163806 0.578309 -0.000000 -0.078557 0.982361 -0.169691 10.052400 -0.595905 0.090187 0.797975 -1.105100 0.000000 0.000000 0.000000 1.000000
0.741416 0.155798 0.652709 0.000000 -0.085355 0.986669 -0.138557 10.052400 -0.665595 0.047016 0.744830 -1.105100 0.000000 0.000000 0.000000 1.000000
0.698462 0.150568 0.699628 0.000000 -0.099666 0.988555 -0.113248 10.052400 -0.708673 0.009370 0.705475 -1.105100 0.000000 0.000000 0.000000 1.000000
0.683683 0.143991 0.715433 -0.000000 -0.116052 0.989318 -0.088213 10.052400 -0.720493 -0.022718 0.693090 -1.105100 0.000000 0.000000 0.000000 1.000000
0.692678 0.131217 0.709210 -0.000000 -0.132277 0.989745 -0.053927 10.052400 -0.709013 -0.056459 0.702931 -1.105100 0.000000 0.000000 0.000000 1.000000
0.720581 0.108244 0.684869 -0.000000 -0.134733 0.990771 -0.014832 10.052400 -0.680154 -0.081587 0.728515 -1.105100 0.000000 0.000000 0.000000 1.000000
0.757489 0.080565 0.647858 0.000000 -0.118608 0.992825 0.015216 10.052400 -0.641983 -0.088367 0.761609 -1.105100 0.000000 0.000000 0.000000 1.000000
0.812464 0.061261 0.579784 -0.000000 -0.079327 0.996832 0.005837 10.052400 -0.577589 -0.050735 0.814750 -1.105100 0.000000 0.000000 0.000000 1.000000
0.899159 0.057459 0.433833 -0.000000 -0.032893 0.997412 -0.063930 10.052400 -0.436384 0.043213 0.898722 -1.105100 0.000000 0.000000 0.000000 1.000000
0.959334 0.125630 0.252775 0.000000 -0.087208 0.983600 -0.157877 10.052400 -0.268464 0.129413 0.954557 -1.105100 0.000000 0.000000 0.000000 1.000000
0.964540 0.252687 0.076236 0.000000 -0.233171 0.951127 -0.202454 10.052400 -0.123668 0.177499 0.976320 -1.105100 0.000000 0.000000 0.000000 1.000000
0.949810 0.292196 -0.111722 0.000000 -0.310487 0.924135 -0.222650 10.052400 0.038188 0.246164 0.968476 -1.105100 0.000000 0.000000 0.000000 1.000000
0.939791 0.253677 -0.229000 0.000000 -0.309037 0.916908 -0.252540 10.052400 0.145908 0.308104 0.940097 -1.105100 0.000000 0.000000 0.000000 1.000000
0.941984 0.235137 -0.239534 0.000000 -0.290133 0.929236 -0.228789 10.052400 0.168787 0.285012 0.943546 -1.105100 0.000000 0.000000 0.000000 1.000000
0.954274 0.247965 -0.166956 -0.000000 -0.275768 0.945802 -0.171496 10.052400 0.115383 0.209695 0.970935 -1.105100 0.000000 0.000000 0.000000 1.000000
0.968846 0.245643 -0.031559 0.000000 -0.247592 0.957646 -0.147014 10.052400 -0.005891 0.150248 0.988631 -1.105100 0.000000 0.000000 0.000000 1.000000
0.967661 0.218838 0.125471 -0.000000 -0.202453 0.970458 -0.131241 10.052400 -0.150485 0.101595 0.983378 -1.105100 0.000000 0.000000 0.000000 1.000000
0.951995 0.177797 0.249187 0.000000 -0.154146 0.981728 -0.111572 10.052400 -0.264471 0.067804 0.962007 -1.105100 0.000000 0.000000 0.000000 1.000000
0.931999 0.143314 0.332924 -0.000000 -0.114745 0.987930 -0.104054 10.052400 -0.343818 0.058777 0.937195 -1.105100 0.000000 0.000000 0.000000 1.000000
0.908146 0.135543 0.396104 0.000000 -0.106912 0.989853 -0.093601 10.052400 -0.404772 0.042655 0.913422 -1.105100 0.000000 0.000000 0.000000 1.000000
0.887017 0.143433 0.438894 0.000000 -0.126881 0.989653 -0.066993 10.052400 -0.443962 0.003737 0.896038 -1.105100 0.000000 0.000000 0.000000 1.000000
0.874333 0.148375 0.462089 -0.000000 -0.143384 0.988591 -0.046131 10.052400 -0.463662 -0.025922 0.885633 -1.105100 0.000000 0.000000 0.000000 1.000000
0.870405 0.144161 0.470757 0.000000 -0.142057 0.989041 -0.040221 10.052400 -0.471396 -0.031866 0.881346 -1.105100 0.000000 0.000000 0.000000 1.000000
0.876069 0.145705 0.459644 0.000000 -0.138985 0.989099 -0.048638 10.052400 -0.461721 -0.021273 0.886770 -1.105100 0.000000 0.000000 0.000000 1.000000
0.888916 0.152569 0.431916 -0.000000 -0.139656 0.988278 -0.061672 10.052400 -0.436262 -0.005498 0.899803 -1.105100 0.000000 0.000000 0.000000 1.000000
0.899017 0.152599 0.410465 0.000000 -0.137404 0.988283 -0.066466 10.052400 -0.415798 0.003354 0.909451 -1.105100 0.000000 0.000000 0.000000 1.000000
0.902649 0.148433 0.403971 -0.000000 -0.135596 0.988922 -0.060382 10.052400 -0.408459 -0.000273 0.912777 -1.105100 0.000000 0.000000 0.000000 1.000000
0.905976 0.143621 0.398221 0.000000 -0.133207 0.989624 -0.053859 10.052400 -0.401824 -0.004251 0.915707 -1.105100 0.000000 0.000000 0.000000 1.000000
0.911050 0.139881 0.387841 -0.000000 -0.128776 0.990168 -0.054619 10.052400 -0.391668 -0.000184 0.920107 -1.105100 0.000000 0.000000 0.000000 1.000000
0.915456 0.142131 0.376483 0.000000 -0.129209 0.989831 -0.059499 10.052400 -0.381111 0.005824 0.924511 -1.105100 0.000000 0.000000 0.000000 1.000000
0.920389 0.148008 0.361909 -0.000000 -0.134244 0.988941 -0.063040 10.052400 -0.367237 0.009438 0.930080 -1.105100 0.000000 0.000000 0.000000 1.000000
0.925393 0.150556 0.347822 0.000000 -0.136598 0.988527 -0.064465 10.052400 -0.353537 0.012143 0.935342 -1.105100 0.000000 0.000000 0.000000 1.000000
0.930209 0.151539 0.334285 -0.000000 -0.136798 0.988306 -0.067355 10.052400 -0.340583 0.016924 0.940062 -1.105100 0.000000 0.000000 0.000000 1.000000
0.935866 0.156332 0.315776 -0.000000 -0.139562 0.987354 -0.075194 10.052400 -0.323538 0.026301 0.945850 -1.105100 0.000000 0.000000 0.000000 1.000000
0.941907 0.165072 0.292511 0.000000 -0.145569 0.985481 -0.087389 10.052400 -0.302690 0.039732 0.952261 -1.105100 0.000000 0.000000 0.000000 1.000000
0.946677 0.176088 0.269807 0.000000 -0.155331 0.983126 -0.096616 10.052400 -0.282267 0.049555 0.958055 -1.105100 0.000000 0.000000 0.000000 1.000000
0.948722 0.187660 0.254384 0.000000 -0.168011 0.980993 -0.097085 10.052400 -0.267767 0.049367 0.962218 -1.105100 0.000000 0.000000 0.000000 1.000000
0.948969 0.196034 0.247040 0.000000 -0.179094 0.979752 -0.089503 10.052400 -0.259583 0.040692 0.964863 -1.105100 0.000000 0.000000 0.000000 1.000000
0.948641 0.202416 0.243123 0.000000 -0.188534 0.978858 -0.079325 10.052400 -0.254040 0.029414 0.966746 -1.105100 0.000000 0.000000 0.000000 1.000000
0.948104 0.208612 0.239957 0.000000 -0.196391 0.977726 -0.074039 10.052400 -0.250057 0.023071 0.967956 -1.105100 0.000000 0.000000 0.000000 1.000000
0.947179 0.212849 0.239890 0.000000 -0.200596 0.976823 -0.074683 10.052400 -0.250227 0.022617 0.967923 -1.105100 0.000000 0.000000 0.000000 1.000000
0.945818 0.213871 0.244309 0.000000 -0.201020 0.976581 -0.076680 10.052400 -0.254987 0.023414 0.966661 -1.105100 0.000000 0.000000 0.000000 1.000000
0.946558 0.205615 0.248495 -0.000000 -0.190870 0.978158 -0.082313 10.052400 -0.259992 0.030484 0.965129 -1.105100 0.000000 0.000000 0.000000 1.000000
0.950792 0.183201 0.249864 0.000000 -0.164133 0.981823 -0.095311 10.052400 -0.262784 0.049610 0.963578 -1.105100 0.000000 0.000000 0.000000 1.000000
0.956121 0.156682 0.247556 -0.000000 -0.132205 0.984796 -0.112684 10.052400 -0.261448 0.075012 0.962298 -1.105100 0.000000 0.000000 0.000000 1.000000
0.962308 0.136427 0.235268 -0.000000 -0.107721 0.985529 -0.130879 10.052400 -0.249719 0.100602 0.963078 -1.105100 0.000000 0.000000 0.000000 1.000000
0.969562 0.116176 0.215531 0.000000 -0.086334 0.985939 -0.143074 10.052400 -0.229122 0.120111 0.965959 -1.105100 0.000000 0.000000 0.000000 1.000000
0.974838 0.094484 0.201901 0.000000 -0.065510 0.987163 -0.145666 10.052400 -0.213072 0.128774 0.968513 -1.105100 0.000000 0.000000 0.000000 1.000000
0.976820 0.075906 0.200153 0.000000 -0.047340 0.988470 -0.143828 10.052400 -0.208762 0.131019 0.969150 -1.105100 0.000000 0.000000 0.000000 1.000000
0.977135 0.062453 0.203241 -0.000000 -0.033831 0.989378 -0.141373 10.052400 -0.209911 0.131265 0.968869 -1.105100 0.000000 0.000000 0.000000 1.000000
0.978099 0.052231 0.201480 0.000000 -0.023644 0.989618 -0.141766 10.052400 -0.206793 0.133897 0.969179 -1.105100 0.000000 0.000000 0.000000 1.000000
0.980024 0.042212 0.194348 -0.000000 -0.013290 0.988931 -0.147779 10.052400 -0.198435 0.142244 0.969737 -1.105100 0.000000 0.000000 0.000000 1.000000
0.982080 0.033045 0.185544 0.000000 -0.003713 0.987709 -0.156257 10.052400 -0.188427 0.152768 0.970133 -1.105100 0.000000 0.000000 0.000000 1.000000
0.983794 0.026145 0.177385 0.000000 0.003258 0.986542 -0.163478 10.052400 -0.179272 0.161407 0.970469 -1.105100 0.000000 0.000000 0.000000 1.000000
0.985032 0.021557 0.171018 0.000000 0.007670 0.985685 -0.168424 10.052400 -0.172200 0.167215 0.970766 -1.105100 0.000000 0.000000 0.000000 1.000000
0.985628 0.019637 0.167783 0.000000 0.009452 0.985254 -0.170839 10.052400 -0.168663 0.169969 0.970908 -1.105100 0.000000 0.000000 0.000000 1.000000
0.985491 0.019600 0.168589 0.000000 0.009813 0.985068 -0.171883 10.052400 -0.169441 0.171044 0.970584 -1.105100 0.000000 0.000000 0.000000 1.000000
0.984902 0.019068 0.172057 0.000000 0.011022 0.984991 -0.172254 10.052400 -0.172759 0.171549 0.969910 -1.105100 0.000000 0.000000 0.000000 1.000000
0.984254 0.017698 0.175874 0.000000 0.013016 0.985017 -0.171965 10.052400 -0.176282 0.171547 0.969276 -1.105100 0.000000 0.000000 0.000000 1.000000
0.983783 0.016960 0.178561 -0.000000 0.013888 0.985328 -0.170107 10.052400 -0.178826 0.169829 0.969113 -1.105100 0.000000 0.000000 0.000000 1.000000
0.983533 0.016336 0.179990 0.000000 0.014028 0.986002 -0.166140 10.052400 -0.180185 0.165929 0.969536 -1.105100 0.000000 0.000000 0.000000 1.000000
0.983456 0.015289 0.180503 -0.000000 0.014355 0.986721 -0.161790 10.052400 -0.180579 0.161705 0.970177 -1.105100 0.000000 0.000000 0.000000 1.000000</float_array>
        <technique_common>
          <accessor source="#mixamorig12_Spine-Matrix-animation-output-transform-array" count="78" stride="16">
            <param type="float4x4"/>
          </accessor>
        </technique_common>
      </source>
      <source id="mixamorig12_Spine-Interpolations">
        <Name_array id="mixamorig12_Spine-Interpolations-array" count="78">
 LINEAR LINEAR LINEAR LINEAR LINEAR LINEAR LINEAR LINEAR LINEAR LINEAR LINEAR
LINEAR LINEAR LINEAR LINEAR LINEAR LINEAR LINEAR LINEAR LINEAR LINEAR LINEAR LINEAR
LINEAR LINEAR LINEAR LINEAR LINEAR LINEAR LINEAR LINEAR LINEAR LINEAR LINEAR LINEAR
LINEAR LINEAR LINEAR LINEAR LINEAR LINEAR LINEAR LINEAR LINEAR LINEAR LINEAR LINEAR
LINEAR LINEAR LINEAR LINEAR LINEAR LINEAR LINEAR LINEAR LINEAR LINEAR LINEAR LINEAR
LINEAR LINEAR LINEAR LINEAR LINEAR LINEAR LINEAR LINEAR LINEAR LINEAR LINEAR LINEAR
LINEAR LINEAR LINEAR LINEAR LINEAR LINEAR LINEAR</Name_array>
        <technique_common>
          <accessor source="#mixamorig12_Spine-Interpolations-array" count="78">
            <param type="name"/>
          </accessor>
        </technique_common>
      </source>
      <sampler id="mixamorig12_Spine-Matrix-animation-transform">
        <input semantic="INPUT" source="#mixamorig12_Spine-Matrix-animation-input"/>
        <input semantic="OUTPUT" source="#mixamorig12_Spine-Matrix-animation-output-transform"/>
        <input semantic="INTERPOLATION" source="#mixamorig12_Spine-Interpolations"/>
      </sampler>
      <channel source="#mixamorig12_Spine-Matrix-animation-transform" target="mixamorig12_Spine/matrix"/>
    </animation>
    <animation id="mixamorig12_Spine1-anim" name="mixamorig12_Spine1">
      <source id="mixamorig12_Spine1-Matrix-animation-input">
        <float_array id="mixamorig12_Spine1-Matrix-animation-input-array" count="78">

0.000000 0.033333 0.066667 0.100000 0.133333 0.166667 0.200000 0.233333 0.266667 0.300000 0.333333 0.366667 0.400000 0.433333 0.466667 0.500000
0.533333 0.566667 0.600000 0.633333 0.666667 0.700000 0.733333 0.766667 0.800000 0.833333 0.866667 0.900000 0.933333 0.966667 1.000000 1.033333
1.066667 1.100000 1.133333 1.166667 1.200000 1.233333 1.266667 1.300000 1.333333 1.366667 1.400000 1.433333 1.466667 1.500000 1.533333 1.566667
1.600000 1.633333 1.666667 1.700000 1.733333 1.766667 1.800000 1.833333 1.866667 1.900000 1.933333 1.966667 2.000000 2.033333 2.066667 2.100000
2.133333 2.166667 2.200000 2.233333 2.266667 2.300000 2.333333 2.366667 2.400000 2.433333 2.466667 2.500000 2.533333 2.566667</float_array>
        <technique_common>
          <accessor source="#mixamorig12_Spine1-Matrix-animation-input-array" count="78">
            <param name="TIME" type="float"/>
          </accessor>
        </technique_common>
      </source>
      <source id="mixamorig12_Spine1-Matrix-animation-output-transform">
        <float_array id="mixamorig12_Spine1-Matrix-animation-output-transform-array" count="1248">

0.999485 0.008547 0.030932 0.000000 -0.006312 0.997411 -0.071640 11.798400 -0.031464 0.071408 0.996951 -0.000000 0.000000 0.000000 0.000000 1.000000
0.999489 0.008115 0.030925 0.000000 -0.005917 0.997493 -0.070521 11.798400 -0.031420 0.070302 0.997031 0.000000 0.000000 0.000000 0.000000 1.000000
0.999501 0.007240 0.030732 0.000000 -0.005104 0.997603 -0.069002 11.798400 -0.031158 0.068811 0.997143 0.000000 0.000000 0.000000 0.000000 1.000000
0.999527 0.006185 0.030133 0.000000 -0.004135 0.997702 -0.067632 11.798400 -0.030482 0.067475 0.997255 -0.000000 0.000000 0.000000 0.000000 1.000000
0.999559 0.004832 0.029305 -0.000000 -0.002868 0.997771 -0.066670 11.798400 -0.029562 0.066556 0.997345 -0.000000 0.000000 0.000000 0.000000 1.000000
0.999588 0.002614 0.028587 -0.000000 -0.000724 0.997826 -0.065901 11.798400 -0.028697 0.065853 0.997417 -0.000000 0.000000 0.000000 0.000000 1.000000
0.999629 0.000327 0.027234 -0.000000 0.001438 0.997900 -0.064760 11.798400 -0.027198 0.064775 0.997529 -0.000000 0.000000 0.000000 0.000000 1.000000
0.999701 -0.000990 0.024444 0.000000 0.002515 0.998046 -0.062428 11.798400 -0.024334 0.062471 0.997750 0.000000 0.000000 0.000000 0.000000 1.000000
0.999754 -0.003595 0.021881 0.000000 0.004879 0.998252 -0.058900 11.798400 -0.021631 0.058992 0.998024 0.000000 0.000000 0.000000 0.000000 1.000000
0.999763 -0.005303 0.021111 0.000000 0.006477 0.998413 -0.055939 11.798400 -0.020781 0.056063 0.998211 0.000000 0.000000 0.000000 0.000000 1.000000
0.999758 -0.000461 0.022007 0.000000 0.001683 0.998454 -0.055556 11.798400 -0.021947 0.055580 0.998213 -0.000000 0.000000 0.000000 0.000000 1.000000
0.999635 0.009188 0.025422 0.000000 -0.007731 0.998353 -0.056838 11.798400 -0.025902 0.056621 0.998060 0.000000 0.000000 0.000000 0.000000 1.000000
0.999318 0.018425 0.031993 0.000000 -0.016499 0.998095 -0.059452 11.798400 -0.033027 0.058884 0.997718 0.000000 0.000000 0.000000 0.000000 1.000000
0.998919 0.022803 0.040501 0.000000 -0.020133 0.997673 -0.065146 11.798400 -0.041892 0.064260 0.997054 0.000000 0.000000 0.000000 0.000000 1.000000
0.998540 0.020739 0.049875 0.000000 -0.017076 0.997201 -0.072791 11.798400 -0.051246 0.071833 0.996099 -0.000000 0.000000 0.000000 0.000000 1.000000
0.998049 0.022351 0.058296 0.000000 -0.017653 0.996647 -0.079889 11.798400 -0.059886 0.078704 0.995098 0.000000 0.000000 0.000000 0.000000 1.000000
0.997247 0.036043 0.064805 0.000000 -0.030212 0.995591 -0.088801 11.798400 -0.067720 0.086599 0.993939 0.000000 0.000000 0.000000 0.000000 1.000000
0.996255 0.050026 0.070527 0.000000 -0.042963 0.994226 -0.098333 11.798400 -0.075039 0.094934 0.992651 0.000000 0.000000 0.000000 0.000000 1.000000
0.995556 0.057752 0.074387 0.000000 -0.049767 0.993221 -0.105045 11.798400 -0.079949 0.100876 0.991681 -0.000000 0.000000 0.000000 0.000000 1.000000
0.995120 0.064142 0.074981 0.000000 -0.055830 0.992568 -0.108132 11.798400 -0.081359 0.103418 0.991305 0.000000 0.000000 0.000000 0.000000 1.000000
0.994844 0.070506 0.072896 0.000000 -0.062452 0.992251 -0.107410 11.798400 -0.079904 0.102304 0.991539 -0.000000 0.000000 0.000000 0.000000 1.000000
0.994729 0.075952 0.068885 0.000000 -0.068625 0.992299 -0.103121 11.798400 -0.076187 0.097850 0.992281 0.000000 0.000000 0.000000 0.000000 1.000000
0.994664 0.081047 0.063828 0.000000 -0.074791 0.992668 -0.094954 11.798400 -0.071055 0.089673 0.993433 0.000000 0.000000 0.000000 0.000000 1.000000
0.995151 0.080088 0.057099 -0.000000 -0.075393 0.993930 -0.080122 11.798400 -0.063170 0.075429 0.995148 -0.000000 0.000000 0.000000 0.000000 1.000000
0.997087 0.060615 0.046287 0.000000 -0.057691 0.996403 -0.062072 11.798400 -0.049883 0.059221 0.996998 0.000000 0.000000 0.000000 0.000000 1.000000
0.998994 0.027339 0.035537 0.000000 -0.025615 0.998514 -0.048102 11.798400 -0.036799 0.047143 0.998210 -0.000000 0.000000 0.000000 0.000000 1.000000
0.999633 -0.005003 0.026627 -0.000000 0.006060 0.999191 -0.039765 11.798400 -0.026407 0.039912 0.998854 0.000000 0.000000 0.000000 0.000000 1.000000
0.999707 -0.019446 0.014386 0.000000 0.019992 0.999047 -0.038808 11.798400 -0.013618 0.039084 0.999143 0.000000 0.000000 0.000000 0.000000 1.000000
0.999884 -0.014488 0.004624 -0.000000 0.014636 0.999322 -0.033798 11.798400 -0.004131 0.033862 0.999418 0.000000 0.000000 0.000000 0.000000 1.000000
0.999938 -0.010778 0.002898 0.000000 0.010861 0.999487 -0.030136 11.798400 -0.002572 0.030166 0.999542 -0.000000 0.000000 0.000000 0.000000 1.000000
0.999916 -0.010141 0.008118 -0.000000 0.010418 0.999339 -0.034823 11.798400 -0.007759 0.034904 0.999361 -0.000000 0.000000 0.000000 0.000000 1.000000
0.999830 -0.004897 0.017788 0.000000 0.005538 0.999331 -0.036142 11.798400 -0.017599 0.036235 0.999188 -0.000000 0.000000 0.000000 0.000000 1.000000
0.999585 0.001665 0.028744 0.000000 -0.000707 0.999445 -0.033307 11.798400 -0.028784 0.033273 0.999032 0.000000 0.000000 0.000000 0.000000 1.000000
0.999253 0.011064 0.037022 0.000000 -0.009811 0.999378 -0.033864 11.798400 -0.037374 0.033475 0.998741 0.000000 0.000000 0.000000 0.000000 1.000000
0.998798 0.025100 0.042109 0.000000 -0.023638 0.999113 -0.034856 11.798400 -0.042946 0.033819 0.998505 0.000000 0.000000 0.000000 0.000000 1.000000
0.998200 0.038565 0.045936 -0.000000 -0.037055 0.998759 -0.033268 11.798400 -0.047162 0.031506 0.998390 0.000000 0.000000 0.000000 0.000000 1.000000
0.997643 0.048330 0.048717 -0.000000 -0.046611 0.998271 -0.035825 11.798400 -0.050364 0.033469 0.998170 -0.000000 0.000000 0.000000 0.000000 1.000000
0.997273 0.054076 0.050225 0.000000 -0.051984 0.997762 -0.042064 11.798400 -0.052387 0.039339 0.997852 0.000000 0.000000 0.000000 0.000000 1.000000
0.997116 0.056398 0.050778 0.000000 -0.053941 0.997364 -0.048538 11.798400 -0.053382 0.045659 0.997530 -0.000000 0.000000 0.000000 0.000000 1.000000
0.997250 0.054515 0.050210 0.000000 -0.051788 0.997191 -0.054115 11.798400 -0.053020 0.051366 0.997272 -0.000000 0.000000 0.000000 0.000000 1.000000
0.997595 0.049376 0.048641 -0.000000 -0.046479 0.997176 -0.058992 11.798400 -0.051416 0.056589 0.997073 -0.000000 0.000000 0.000000 0.000000 1.000000
0.997922 0.043550 0.047496 0.000000 -0.040613 0.997302 -0.061146 11.798400 -0.050030 0.059090 0.996998 0.000000 0.000000 0.000000 0.000000 1.000000
0.998167 0.037587 0.047435 0.000000 -0.034695 0.997572 -0.060388 11.798400 -0.049590 0.058631 0.997047 0.000000 0.000000 0.000000 0.000000 1.000000
0.998375 0.031614 0.047409 0.000000 -0.028842 0.997897 -0.058055 11.798400 -0.049145 0.056593 0.997187 -0.000000 0.000000 0.000000 0.000000 1.000000
0.998562 0.025860 0.046969 0.000000 -0.023267 0.998218 -0.054946 11.798400 -0.048306 0.053774 0.997384 -0.000000 0.000000 0.000000 0.000000 1.000000
0.998697 0.021220 0.046418 0.000000 -0.018782 0.998454 -0.052323 11.798400 -0.047456 0.051383 0.997551 0.000000 0.000000 0.000000 0.000000 1.000000
0.998801 0.018095 0.045490 0.000000 -0.015808 0.998617 -0.050146 11.798400 -0.046334 0.049367 0.997705 0.000000 0.000000 0.000000 0.000000 1.000000
0.998882 0.015913 0.044518 0.000000 -0.013696 0.998672 -0.049670 11.798400 -0.045249 0.049005 0.997773 0.000000 0.000000 0.000000 0.000000 1.000000
0.998960 0.013092 0.043685 0.000000 -0.010877 0.998661 -0.050567 11.798400 -0.044289 0.050039 0.997765 -0.000000 0.000000 0.000000 0.000000 1.000000
0.999056 0.008081 0.042693 0.000000 -0.005905 0.998689 -0.050848 11.798400 -0.043048 0.050548 0.997793 -0.000000 0.000000 0.000000 0.000000 1.000000
0.999140 0.002408 0.041403 0.000000 -0.000327 0.998739 -0.050201 11.798400 -0.041472 0.050144 0.997881 0.000000 0.000000 0.000000 0.000000 1.000000
0.999192 -0.002513 0.040117 0.000000 0.004505 0.998756 -0.049658 11.798400 -0.039943 0.049799 0.997960 -0.000000 0.000000 0.000000 0.000000 1.000000
0.999200 -0.006895 0.039397 0.000000 0.008876 0.998692 -0.050349 11.798400 -0.038999 0.050659 0.997954 -0.000000 0.000000 0.000000 0.000000 1.000000
0.999177 -0.010376 0.039207 0.000000 0.012416 0.998563 -0.052137 11.798400 -0.038610 0.052581 0.997870 0.000000 0.000000 0.000000 0.000000 1.000000
0.999153 -0.012602 0.039165 0.000000 0.014727 0.998408 -0.054451 11.798400 -0.038416 0.054982 0.997748 -0.000000 0.000000 0.000000 0.000000 1.000000
0.999133 -0.014046 0.039193 0.000000 0.016264 0.998250 -0.056855 11.798400 -0.038326 0.057443 0.997613 0.000000 0.000000 0.000000 0.000000 1.000000
0.999111 -0.015022 0.039396 0.000000 0.017338 0.998101 -0.059117 11.798400 -0.038433 0.059747 0.997473 0.000000 0.000000 0.000000 0.000000 1.000000
0.999095 -0.014840 0.039856 0.000000 0.017302 0.997915 -0.062172 11.798400 -0.038850 0.062806 0.997269 0.000000 0.000000 0.000000 0.000000 1.000000
0.999121 -0.012441 0.040021 0.000000 0.015049 0.997737 -0.065537 11.798400 -0.039115 0.066082 0.997047 0.000000 0.000000 0.000000 0.000000 1.000000
0.999175 -0.008690 0.039682 0.000000 0.011393 0.997592 -0.068412 11.798400 -0.038992 0.068808 0.996868 0.000000 0.000000 0.000000 0.000000 1.000000
