<?xml version="1.0" encoding="utf-8"?>
<COLLADA xmlns="http://www.collada.org/2005/11/COLLADASchema" version="1.4.1">
  <asset>
    <contributor>
      <author>Mixamo</author>
      <authoring_tool>COLLADA Mixamo exporter</authoring_tool>
      <comments/>
    </contributor>
    <created>2025-06-01T08:47:15Z</created>
    <modified>2025-06-01T08:47:15Z</modified>
    <revision/>
    <title/>
    <unit meter="0.010000"/>
    <up_axis>Y_UP</up_axis>
  </asset>
  <library_animations>
    <animation id="mixamorig12_Hips-anim" name="mixamorig12_Hips">
      <source id="mixamorig12_Hips-Matrix-animation-input">
        <float_array id="mixamorig12_Hips-Matrix-animation-input-array" count="19">

0.000000 0.033333 0.066667 0.100000 0.133333 0.166667 0.200000 0.233333 0.266667 0.300000 0.333333 0.366667 0.400000 0.433333 0.466667 0.500000
0.533333 0.566667 0.600000</float_array>
        <technique_common>
          <accessor source="#mixamorig12_Hips-Matrix-animation-input-array" count="19">
            <param name="TIME" type="float"/>
          </accessor>
        </technique_common>
      </source>
      <source id="mixamorig12_Hips-Matrix-animation-output-transform">
        <float_array id="mixamorig12_Hips-Matrix-animation-output-transform-array" count="304">

0.873773 -0.049706 -0.483788 -0.253755 -0.067228 0.972868 -0.221377 89.229019 0.481666 0.225958 0.846724 0.772628 0.000000 0.000000 0.000000 1.000000
0.889334 -0.022877 -0.456686 -1.048328 -0.093167 0.968731 -0.229958 89.718307 0.447666 0.247057 0.859394 0.828864 0.000000 0.000000 0.000000 1.000000
0.886551 0.003328 -0.462619 -1.639777 -0.125791 0.964034 -0.234127 89.491982 0.445201 0.265759 0.855084 1.097179 0.000000 0.000000 0.000000 1.000000
0.870548 0.017189 -0.491784 -1.804560 -0.150354 0.960888 -0.232570 88.356873 0.468551 0.276405 0.839083 1.585046 0.000000 0.000000 0.000000 1.000000
0.849606 0.020851 -0.527006 -1.520652 -0.166118 0.958941 -0.229864 86.211357 0.500575 0.282838 0.818186 2.264901 0.000000 0.000000 0.000000 1.000000
0.826700 0.014145 -0.562465 -1.024691 -0.177357 0.955270 -0.236651 83.920425 0.533959 0.295397 0.792230 2.830372 0.000000 0.000000 0.000000 1.000000
0.814006 -0.014646 -0.580672 -0.648807 -0.164140 0.953138 -0.254138 82.183952 0.557183 0.302181 0.773456 3.205618 0.000000 0.000000 0.000000 1.000000
0.813218 -0.048065 -0.579971 -0.400022 -0.137766 0.952357 -0.272098 80.998428 0.565418 0.301175 0.767852 3.391826 0.000000 0.000000 0.000000 1.000000
0.816437 -0.073630 -0.572721 -0.341728 -0.111657 0.952986 -0.281690 80.307030 0.566536 0.293931 0.769832 3.261318 0.000000 0.000000 0.000000 1.000000
0.821265 -0.085503 -0.564104 -0.657708 -0.089316 0.957250 -0.275126 80.042305 0.563513 0.276335 0.778519 2.931223 0.000000 0.000000 0.000000 1.000000
0.820957 -0.070039 -0.566678 -1.283749 -0.093715 0.962462 -0.254723 79.944839 0.563247 0.262223 0.783576 2.587352 0.000000 0.000000 0.000000 1.000000
0.812739 -0.055358 -0.579992 -1.940700 -0.100765 0.967119 -0.233509 79.963089 0.573848 0.248224 0.780437 2.091361 0.000000 0.000000 0.000000 1.000000
0.795132 -0.050510 -0.604330 -2.563758 -0.105571 0.969780 -0.219957 80.270416 0.597177 0.238695 0.765770 1.416287 0.000000 0.000000 0.000000 1.000000
0.782619 -0.041966 -0.621085 -3.046905 -0.114011 0.971185 -0.209286 80.808662 0.611971 0.234602 0.755283 0.721482 0.000000 0.000000 0.000000 1.000000
0.793453 -0.037766 -0.607458 -2.942519 -0.105622 0.974385 -0.198541 81.735847 0.599396 0.221694 0.769140 0.196995 0.000000 0.000000 0.000000 1.000000
0.813797 -0.044341 -0.579455 -2.259832 -0.086415 0.976767 -0.196107 83.193329 0.574688 0.209665 0.791059 0.013406 0.000000 0.000000 0.000000 1.000000
0.828947 -0.056683 -0.556448 -1.474660 -0.069284 0.976784 -0.202714 85.066154 0.555020 0.206592 0.805774 0.067909 0.000000 0.000000 0.000000 1.000000
0.847267 -0.060395 -0.527723 -0.845989 -0.062645 0.975219 -0.212187 87.213516 0.527460 0.212838 0.822487 0.273362 0.000000 0.000000 0.000000 1.000000
0.873773 -0.049706 -0.483788 -0.253751 -0.067228 0.972868 -0.221377 89.229019 0.481666 0.225958 0.846724 0.772628 0.000000 0.000000 0.000000 1.000000</float_array>
        <technique_common>
          <accessor source="#mixamorig12_Hips-Matrix-animation-output-transform-array" count="19" stride="16">
            <param type="float4x4"/>
          </accessor>
        </technique_common>
      </source>
      <source id="mixamorig12_Hips-Interpolations">
        <Name_array id="mixamorig12_Hips-Interpolations-array" count="19">
 LINEAR LINEAR LINEAR LINEAR LINEAR LINEAR LINEAR LINEAR LINEAR LINEAR LINEAR
LINEAR LINEAR LINEAR LINEAR LINEAR LINEAR LINEAR LINEAR</Name_array>
        <technique_common>
          <accessor source="#mixamorig12_Hips-Interpolations-array" count="19">
            <param type="name"/>
          </accessor>
        </technique_common>
      </source>
      <sampler id="mixamorig12_Hips-Matrix-animation-transform">
        <input semantic="INPUT" source="#mixamorig12_Hips-Matrix-animation-input"/>
        <input semantic="OUTPUT" source="#mixamorig12_Hips-Matrix-animation-output-transform"/>
        <input semantic="INTERPOLATION" source="#mixamorig12_Hips-Interpolations"/>
      </sampler>
      <channel source="#mixamorig12_Hips-Matrix-animation-transform" target="mixamorig12_Hips/matrix"/>
    </animation>
    <animation id="mixamorig12_Spine-anim" name="mixamorig12_Spine">
      <source id="mixamorig12_Spine-Matrix-animation-input">
        <float_array id="mixamorig12_Spine-Matrix-animation-input-array" count="19">

0.000000 0.033333 0.066667 0.100000 0.133333 0.166667 0.200000 0.233333 0.266667 0.300000 0.333333 0.366667 0.400000 0.433333 0.466667 0.500000
0.533333 0.566667 0.600000</float_array>
        <technique_common>
          <accessor source="#mixamorig12_Spine-Matrix-animation-input-array" count="19">
            <param name="TIME" type="float"/>
          </accessor>
        </technique_common>
      </source>
      <source id="mixamorig12_Spine-Matrix-animation-output-transform">
        <float_array id="mixamorig12_Spine-Matrix-animation-output-transform-array" count="304">

0.992757 -0.049508 0.109461 0.000000 0.038455 0.994155 0.100884 10.052400 -0.113816 -0.095944 0.988858 -1.105100 0.000000 0.000000 0.000000 1.000000
0.991585 -0.064655 0.112159 0.000000 0.053587 0.993640 0.099038 10.052400 -0.117849 -0.092194 0.988743 -1.105100 0.000000 0.000000 0.000000 1.000000
0.988925 -0.079463 0.125353 0.000000 0.067308 0.992869 0.098391 10.052400 -0.132278 -0.088864 0.987221 -1.105100 0.000000 0.000000 0.000000 1.000000
0.985925 -0.090267 0.140724 0.000000 0.076391 0.991941 0.101078 10.052400 -0.148714 -0.088906 0.984876 -1.105100 0.000000 0.000000 0.000000 1.000000
0.982116 -0.106281 0.155410 0.000000 0.090427 0.990271 0.105766 10.052400 -0.165139 -0.089821 0.982172 -1.105100 0.000000 0.000000 0.000000 1.000000
0.976555 -0.125034 0.175234 0.000000 0.106641 0.988111 0.110748 10.052400 -0.186998 -0.089464 0.978278 -1.105100 0.000000 0.000000 0.000000 1.000000
0.975387 -0.119688 0.185192 0.000000 0.099802 0.988543 0.113239 10.052400 -0.196623 -0.091970 0.976156 -1.105100 0.000000 0.000000 0.000000 1.000000
0.977736 -0.107058 0.180476 0.000000 0.087332 0.989643 0.113928 10.052400 -0.190804 -0.095630 0.976959 -1.105100 0.000000 0.000000 0.000000 1.000000
0.980728 -0.096722 0.169757 0.000000 0.078134 0.990521 0.112972 10.052400 -0.179074 -0.097531 0.978989 -1.105100 0.000000 0.000000 0.000000 1.000000
0.984402 -0.083917 0.154629 0.000000 0.067137 0.991582 0.110717 10.052400 -0.162618 -0.098608 0.981749 -1.105100 0.000000 0.000000 0.000000 1.000000
0.984628 -0.097934 0.144628 -0.000000 0.082053 0.990318 0.111971 10.052400 -0.154194 -0.098383 0.983130 -1.105100 0.000000 0.000000 0.000000 1.000000
0.983815 -0.113967 0.138274 0.000000 0.098680 0.988706 0.112798 10.052400 -0.149567 -0.097327 0.983950 -1.105100 0.000000 0.000000 0.000000 1.000000
0.983553 -0.117077 0.137538 -0.000000 0.101896 0.988392 0.112684 10.052400 -0.149134 -0.096816 0.984066 -1.105100 0.000000 0.000000 0.000000 1.000000
0.983417 -0.119145 0.136729 0.000000 0.104265 0.988304 0.111281 10.052400 -0.148389 -0.095179 0.984338 -1.105100 0.000000 0.000000 0.000000 1.000000
0.985932 -0.111788 0.124261 0.000000 0.099098 0.989627 0.104013 10.052400 -0.134599 -0.090235 0.986783 -1.105100 0.000000 0.000000 0.000000 1.000000
0.988769 -0.097989 0.112841 0.000000 0.087119 0.991411 0.097545 10.052400 -0.121430 -0.086619 0.988813 -1.105100 0.000000 0.000000 0.000000 1.000000
0.990303 -0.077982 0.114970 0.000000 0.066950 0.993042 0.096882 10.052400 -0.121725 -0.088246 0.988633 -1.105100 0.000000 0.000000 0.000000 1.000000
0.991396 -0.059032 0.116833 -0.000000 0.047497 0.993937 0.099165 10.052400 -0.121979 -0.092763 0.988188 -1.105100 0.000000 0.000000 0.000000 1.000000
0.992757 -0.049508 0.109461 0.000000 0.038455 0.994155 0.100884 10.052400 -0.113816 -0.095944 0.988858 -1.105100 0.000000 0.000000 0.000000 1.000000</float_array>
        <technique_common>
          <accessor source="#mixamorig12_Spine-Matrix-animation-output-transform-array" count="19" stride="16">
            <param type="float4x4"/>
          </accessor>
        </technique_common>
      </source>
      <source id="mixamorig12_Spine-Interpolations">
        <Name_array id="mixamorig12_Spine-Interpolations-array" count="19">
 LINEAR LINEAR LINEAR LINEAR LINEAR LINEAR LINEAR LINEAR LINEAR LINEAR LINEAR
LINEAR LINEAR LINEAR LINEAR LINEAR LINEAR LINEAR LINEAR</Name_array>
        <technique_common>
          <accessor source="#mixamorig12_Spine-Interpolations-array" count="19">
            <param type="name"/>
          </accessor>
        </technique_common>
      </source>
      <sampler id="mixamorig12_Spine-Matrix-animation-transform">
        <input semantic="INPUT" source="#mixamorig12_Spine-Matrix-animation-input"/>
        <input semantic="OUTPUT" source="#mixamorig12_Spine-Matrix-animation-output-transform"/>
        <input semantic="INTERPOLATION" source="#mixamorig12_Spine-Interpolations"/>
      </sampler>
      <channel source="#mixamorig12_Spine-Matrix-animation-transform" target="mixamorig12_Spine/matrix"/>
    </animation>
    <animation id="mixamorig12_Spine1-anim" name="mixamorig12_Spine1">
      <source id="mixamorig12_Spine1-Matrix-animation-input">
        <float_array id="mixamorig12_Spine1-Matrix-animation-input-array" count="19">

0.000000 0.033333 0.066667 0.100000 0.133333 0.166667 0.200000 0.233333 0.266667 0.300000 0.333333 0.366667 0.400000 0.433333 0.466667 0.500000
0.533333 0.566667 0.600000</float_array>
        <technique_common>
          <accessor source="#mixamorig12_Spine1-Matrix-animation-input-array" count="19">
            <param name="TIME" type="float"/>
          </accessor>
        </technique_common>
      </source>
      <source id="mixamorig12_Spine1-Matrix-animation-output-transform">
        <float_array id="mixamorig12_Spine1-Matrix-animation-output-transform-array" count="304">

0.995404 0.092174 0.025970 0.000000 -0.093053 0.995047 0.034956 11.798400 -0.022619 -0.037212 0.999051 0.000000 0.000000 0.000000 0.000000 1.000000
0.995606 0.090592 0.023695 -0.000000 -0.091372 0.995229 0.034217 11.798400 -0.020482 -0.036232 0.999133 -0.000000 0.000000 0.000000 0.000000 1.000000
0.995650 0.088035 0.030521 0.000000 -0.089050 0.995459 0.033650 11.798400 -0.027420 -0.036221 0.998968 0.000000 0.000000 0.000000 0.000000 1.000000
0.995409 0.084957 0.044090 0.000000 -0.086453 0.995703 0.033198 11.798400 -0.041080 -0.036857 0.998476 0.000000 0.000000 0.000000 0.000000 1.000000
0.995211 0.079854 0.056383 0.000000 -0.081797 0.996101 0.033049 11.798400 -0.053524 -0.037503 0.997862 0.000000 0.000000 0.000000 0.000000 1.000000
0.995046 0.075329 0.064878 0.000000 -0.077626 0.996415 0.033638 11.798400 -0.062111 -0.038507 0.997326 -0.000000 0.000000 0.000000 0.000000 1.000000
0.994899 0.075388 0.067031 0.000000 -0.077939 0.996298 0.036287 11.798400 -0.064048 -0.041326 0.997091 0.000000 0.000000 0.000000 0.000000 1.000000
0.995185 0.076597 0.061147 -0.000000 -0.079054 0.996114 0.038815 11.798400 -0.057937 -0.043462 0.997374 0.000000 0.000000 0.000000 0.000000 1.000000
0.995464 0.078217 0.054171 0.000000 -0.080397 0.995987 0.039318 11.798400 -0.050878 -0.043494 0.997757 0.000000 0.000000 0.000000 0.000000 1.000000
0.995459 0.081045 0.049929 -0.000000 -0.083016 0.995795 0.038742 11.798400 -0.046579 -0.042711 0.998001 -0.000000 0.000000 0.000000 0.000000 1.000000
0.995659 0.081780 0.044436 -0.000000 -0.083493 0.995777 0.038181 11.798400 -0.041126 -0.041726 0.998282 0.000000 0.000000 0.000000 0.000000 1.000000
0.995846 0.081744 0.040100 0.000000 -0.083273 0.995799 0.038080 11.798400 -0.036818 -0.041261 0.998470 -0.000000 0.000000 0.000000 0.000000 1.000000
0.995821 0.080867 0.042432 -0.000000 -0.082551 0.995802 0.039555 11.798400 -0.039055 -0.042893 0.998316 0.000000 0.000000 0.000000 0.000000 1.000000
0.995856 0.079618 0.043945 0.000000 -0.081387 0.995878 0.040033 11.798400 -0.040576 -0.043444 0.998232 -0.000000 0.000000 0.000000 0.000000 1.000000
0.996055 0.081058 0.036101 -0.000000 -0.082365 0.995940 0.036331 11.798400 -0.033010 -0.039161 0.998688 -0.000000 0.000000 0.000000 0.000000 1.000000
0.996147 0.082890 0.028655 -0.000000 -0.083827 0.995926 0.033219 11.798400 -0.025784 -0.035493 0.999037 0.000000 0.000000 0.000000 0.000000 1.000000
0.995858 0.085874 0.029861 0.000000 -0.086865 0.995652 0.033643 11.798400 -0.026842 -0.036097 0.998988 0.000000 0.000000 0.000000 0.000000 1.000000
0.995417 0.090416 0.031139 -0.000000 -0.091486 0.995198 0.034813 11.798400 -0.027842 -0.037502 0.998909 -0.000000 0.000000 0.000000 0.000000 1.000000
0.995404 0.092174 0.025970 0.000000 -0.093053 0.995047 0.034956 11.798400 -0.022619 -0.037212 0.999051 0.000000 0.000000 0.000000 0.000000 1.000000</float_array>
        <technique_common>
          <accessor source="#mixamorig12_Spine1-Matrix-animation-output-transform-array" count="19" stride="16">
            <param type="float4x4"/>
          </accessor>
        </technique_common>
      </source>
      <source id="mixamorig12_Spine1-Interpolations">
        <Name_array id="mixamorig12_Spine1-Interpolations-array" count="19">
 LINEAR LINEAR LINEAR LINEAR LINEAR LINEAR LINEAR LINEAR LINEAR LINEAR LINEAR
LINEAR LINEAR LINEAR LINEAR LINEAR LINEAR LINEAR LINEAR</Name_array>
        <technique_common>
          <accessor source="#mixamorig12_Spine1-Interpolations-array" count="19">
            <param type="name"/>
          </accessor>
        </technique_common>
      </source>
      <sampler id="mixamorig12_Spine1-Matrix-animation-transform">
        <input semantic="INPUT" source="#mixamorig12_Spine1-Matrix-animation-input"/>
        <input semantic="OUTPUT" source="#mixamorig12_Spine1-Matrix-animation-output-transform"/>
        <input semantic="INTERPOLATION" source="#mixamorig12_Spine1-Interpolations"/>
      </sampler>
      <channel source="#mixamorig12_Spine1-Matrix-animation-transform" target="mixamorig12_Spine1/matrix"/>
    </animation>
    <animation id="mixamorig12_Spine2-anim" name="mixamorig12_Spine2">
      <source id="mixamorig12_Spine2-Matrix-animation-input">
        <float_array id="mixamorig12_Spine2-Matrix-animation-input-array" count="19">

0.000000 0.033333 0.066667 0.100000 0.133333 0.166667 0.200000 0.233333 0.266667 0.300000 0.333333 0.366667 0.400000 0.433333 0.466667 0.500000
0.533333 0.566667 0.600000</float_array>
        <technique_common>
          <accessor source="#mixamorig12_Spine2-Matrix-animation-input-array" count="19">
            <param name="TIME" type="float"/>
          </accessor>
        </technique_common>
      </source>
      <source id="mixamorig12_Spine2-Matrix-animation-output-transform">
        <float_array id="mixamorig12_Spine2-Matrix-animation-output-transform-array" count="304">

0.992042 -0.049203 -0.115898 0.000000 0.055616 0.997057 0.052759 13.483900 0.112961 -0.058785 0.991859 0.000000 0.000000 0.000000 0.000000 1.000000
0.991652 -0.050610 -0.118599 0.000000 0.057058 0.997035 0.051620 13.483900 0.115635 -0.057956 0.991600 -0.000000 0.000000 0.000000 0.000000 1.000000
0.992243 -0.053207 -0.112356 0.000000 0.059192 0.996962 0.050620 13.483900 0.109321 -0.056878 0.992378 0.000000 0.000000 0.000000 0.000000 1.000000
0.993447 -0.056587 -0.099300 0.000000 0.061750 0.996853 0.049714 13.483900 0.096175 -0.055520 0.993815 0.000000 0.000000 0.000000 0.000000 1.000000
0.994246 -0.062054 -0.087319 -0.000000 0.066495 0.996588 0.048899 13.483900 0.083986 -0.054424 0.994980 -0.000000 0.000000 0.000000 0.000000 1.000000
0.994643 -0.066776 -0.078905 -0.000000 0.070777 0.996286 0.049034 13.483900 0.075338 -0.054356 0.995675 0.000000 0.000000 0.000000 0.000000 1.000000
0.994820 -0.066686 -0.076717 -0.000000 0.070772 0.996145 0.051837 13.483900 0.072965 -0.056998 0.995704 -0.000000 0.000000 0.000000 0.000000 1.000000
0.994445 -0.065337 -0.082522 -0.000000 0.069967 0.996058 0.054523 13.483900 0.078635 -0.059994 0.995097 -0.000000 0.000000 0.000000 0.000000 1.000000
0.993961 -0.063610 -0.089419 0.000000 0.068705 0.996114 0.055111 13.483900 0.085566 -0.060921 0.994468 0.000000 0.000000 0.000000 0.000000 1.000000
0.993758 -0.060741 -0.093575 -0.000000 0.066063 0.996306 0.054867 13.483900 0.089897 -0.060706 0.994099 -0.000000 0.000000 0.000000 0.000000 1.000000
0.993313 -0.059950 -0.098667 -0.000000 0.065558 0.996353 0.054609 13.483900 0.095033 -0.060712 0.993621 0.000000 0.000000 0.000000 0.000000 1.000000
0.992930 -0.059888 -0.102484 -0.000000 0.065747 0.996331 0.054785 13.483900 0.098827 -0.061136 0.993225 0.000000 0.000000 0.000000 0.000000 1.000000
0.993158 -0.060649 -0.099795 0.000000 0.066511 0.996185 0.056498 13.483900 0.095987 -0.062749 0.993403 -0.000000 0.000000 0.000000 0.000000 1.000000
0.993273 -0.061771 -0.097943 0.000000 0.067575 0.996079 0.057096 13.483900 0.094032 -0.063330 0.993553 0.000000 0.000000 0.000000 0.000000 1.000000
0.992603 -0.060249 -0.105401 0.000000 0.066150 0.996379 0.053415 13.483900 0.101802 -0.059992 0.992994 0.000000 0.000000 0.000000 0.000000 1.000000
0.991922 -0.058351 -0.112636 0.000000 0.064338 0.996661 0.050267 13.483900 0.109327 -0.057108 0.992364 0.000000 0.000000 0.000000 0.000000 1.000000
0.992212 -0.055391 -0.111568 0.000000 0.061387 0.996808 0.051045 13.483900 0.108385 -0.057496 0.992445 -0.000000 0.000000 0.000000 0.000000 1.000000
0.992566 -0.050944 -0.110531 0.000000 0.057041 0.996979 0.052715 13.483900 0.107511 -0.058628 0.992474 0.000000 0.000000 0.000000 0.000000 1.000000
0.992042 -0.049204 -0.115898 0.000000 0.055616 0.997057 0.052759 13.483900 0.112961 -0.058785 0.991859 0.000000 0.000000 0.000000 0.000000 1.000000</float_array>
        <technique_common>
          <accessor source="#mixamorig12_Spine2-Matrix-animation-output-transform-array" count="19" stride="16">
            <param type="float4x4"/>
          </accessor>
        </technique_common>
      </source>
      <source id="mixamorig12_Spine2-Interpolations">
        <Name_array id="mixamorig12_Spine2-Interpolations-array" count="19">
 LINEAR LINEAR LINEAR LINEAR LINEAR LINEAR LINEAR LINEAR LINEAR LINEAR LINEAR
LINEAR LINEAR LINEAR LINEAR LINEAR LINEAR LINEAR LINEAR</Name_array>
        <technique_common>
          <accessor source="#mixamorig12_Spine2-Interpolations-array" count="19">
            <param type="name"/>
          </accessor>
        </technique_common>
      </source>
      <sampler id="mixamorig12_Spine2-Matrix-animation-transform">
        <input semantic="INPUT" source="#mixamorig12_Spine2-Matrix-animation-input"/>
        <input semantic="OUTPUT" source="#mixamorig12_Spine2-Matrix-animation-output-transform"/>
        <input semantic="INTERPOLATION" source="#mixamorig12_Spine2-Interpolations"/>
      </sampler>
      <channel source="#mixamorig12_Spine2-Matrix-animation-transform" target="mixamorig12_Spine2/matrix"/>
    </animation>
    <animation id="mixamorig12_Neck-anim" name="mixamorig12_Neck">
      <source id="mixamorig12_Neck-Matrix-animation-input">
        <float_array id="mixamorig12_Neck-Matrix-animation-input-array" count="19">

0.000000 0.033333 0.066667 0.100000 0.133333 0.166667 0.200000 0.233333 0.266667 0.300000 0.333333 0.366667 0.400000 0.433333 0.466667 0.500000
0.533333 0.566667 0.600000</float_array>
        <technique_common>
          <accessor source="#mixamorig12_Neck-Matrix-animation-input-array" count="19">
            <param name="TIME" type="float"/>
          </accessor>
        </technique_common>
      </source>
      <source id="mixamorig12_Neck-Matrix-animation-output-transform">
        <float_array id="mixamorig12_Neck-Matrix-animation-output-transform-array" count="304">

0.989933 0.076751 0.118922 0.000000 -0.035941 0.948982 -0.313274 15.169400 -0.136899 0.305846 0.942187 -0.000000 0.000000 0.000000 0.000000 1.000000
0.990575 0.068708 0.118491 0.000000 -0.028409 0.949334 -0.312982 15.169400 -0.133992 0.306666 0.942338 0.000000 0.000000 0.000000 0.000000 1.000000
0.991630 0.055030 0.116799 0.000000 -0.015519 0.948865 -0.315301 15.169400 -0.128177 0.310849 0.941777 0.000000 0.000000 0.000000 0.000000 1.000000
0.992542 0.043167 0.114007 0.000000 -0.004200 0.946760 -0.321913 15.169400 -0.121833 0.319033 0.939880 0.000000 0.000000 0.000000 0.000000 1.000000
0.992984 0.040279 0.111177 0.000000 -0.001996 0.945774 -0.324818 15.169400 -0.118232 0.322317 0.939219 0.000000 0.000000 0.000000 0.000000 1.000000
0.993229 0.039848 0.109122 0.000000 -0.003088 0.948054 -0.318094 15.169400 -0.116129 0.315604 0.941758 0.000000 0.000000 0.000000 0.000000 1.000000
0.993226 0.037733 0.109899 0.000000 -0.002087 0.951446 -0.307807 15.169400 -0.116178 0.305493 0.945080 0.000000 0.000000 0.000000 0.000000 1.000000
0.992577 0.043198 0.113690 0.000000 -0.006848 0.953162 -0.302382 15.169400 -0.121427 0.299359 0.946382 0.000000 0.000000 0.000000 0.000000 1.000000
0.991732 0.051931 0.117345 0.000000 -0.014065 0.952933 -0.302854 15.169400 -0.127550 0.298700 0.945785 -0.000000 0.000000 0.000000 0.000000 1.000000
0.991523 0.051936 0.119100 0.000000 -0.012790 0.951199 -0.308313 15.169400 -0.129301 0.304176 0.943800 -0.000000 0.000000 0.000000 0.000000 1.000000
0.991269 0.054170 0.120214 -0.000000 -0.012979 0.947370 -0.319877 15.169400 -0.131214 0.315524 0.939802 -0.000000 0.000000 0.000000 0.000000 1.000000
0.990545 0.062188 0.122287 0.000000 -0.018709 0.944266 -0.328650 15.169400 -0.135910 0.323255 0.936501 0.000000 0.000000 0.000000 0.000000 1.000000
0.989949 0.068720 0.123603 0.000000 -0.024305 0.943669 -0.329997 15.169400 -0.139318 0.323676 0.935855 -0.000000 0.000000 0.000000 0.000000 1.000000
0.989628 0.072891 0.123788 0.000000 -0.028357 0.943873 -0.329090 15.169400 -0.140828 0.322166 0.936150 -0.000000 0.000000 0.000000 0.000000 1.000000
0.988948 0.078867 0.125548 0.000000 -0.033804 0.944421 -0.326997 15.169400 -0.144359 0.319139 0.936649 0.000000 0.000000 0.000000 0.000000 1.000000
0.988282 0.085281 0.126591 0.000000 -0.040399 0.945926 -0.321858 15.169400 -0.147194 0.312972 0.938287 0.000000 0.000000 0.000000 0.000000 1.000000
0.988580 0.084436 0.124819 0.000000 -0.041150 0.948060 -0.315417 15.169400 -0.144969 0.306679 0.940708 0.000000 0.000000 0.000000 0.000000 1.000000
0.989350 0.079290 0.122062 0.000000 -0.037463 0.949063 -0.312852 15.169400 -0.140651 0.304947 0.941926 0.000000 0.000000 0.000000 0.000000 1.000000
0.989933 0.076751 0.118922 0.000000 -0.035941 0.948982 -0.313274 15.169400 -0.136899 0.305846 0.942187 -0.000000 0.000000 0.000000 0.000000 1.000000</float_array>
        <technique_common>
          <accessor source="#mixamorig12_Neck-Matrix-animation-output-transform-array" count="19" stride="16">
            <param type="float4x4"/>
          </accessor>
        </technique_common>
      </source>
      <source id="mixamorig12_Neck-Interpolations">
        <Name_array id="mixamorig12_Neck-Interpolations-array" count="19">
 LINEAR LINEAR LINEAR LINEAR LINEAR LINEAR LINEAR LINEAR LINEAR LINEAR LINEAR
LINEAR LINEAR LINEAR LINEAR LINEAR LINEAR LINEAR LINEAR</Name_array>
        <technique_common>
          <accessor source="#mixamorig12_Neck-Interpolations-array" count="19">
            <param type="name"/>
          </accessor>
        </technique_common>
      </source>
      <sampler id="mixamorig12_Neck-Matrix-animation-transform">
        <input semantic="INPUT" source="#mixamorig12_Neck-Matrix-animation-input"/>
        <input semantic="OUTPUT" source="#mixamorig12_Neck-Matrix-animation-output-transform"/>
        <input semantic="INTERPOLATION" source="#mixamorig12_Neck-Interpolations"/>
      </sampler>
      <channel source="#mixamorig12_Neck-Matrix-animation-transform" target="mixamorig12_Neck/matrix"/>
    </animation>
    <animation id="mixamorig12_Head-anim" name="mixamorig12_Head">
      <source id="mixamorig12_Head-Matrix-animation-input">
        <float_array id="mixamorig12_Head-Matrix-animation-input-array" count="19">

0.000000 0.033333 0.066667 0.100000 0.133333 0.166667 0.200000 0.233333 0.266667 0.300000 0.333333 0.366667 0.400000 0.433333 0.466667 0.500000
0.533333 0.566667 0.600000</float_array>
        <technique_common>
          <accessor source="#mixamorig12_Head-Matrix-animation-input-array" count="19">
            <param name="TIME" type="float"/>
          </accessor>
        </technique_common>
      </source>
      <source id="mixamorig12_Head-Matrix-animation-output-transform">
        <float_array id="mixamorig12_Head-Matrix-animation-output-transform-array" count="304">

0.990981 0.080437 0.107177 0.000000 -0.054843 0.973204 -0.223309 7.383900 -0.122267 0.215417 0.968838 2.849900 0.000000 0.000000 0.000000 1.000000
0.991311 0.075653 0.107604 -0.000000 -0.050069 0.973493 -0.223170 7.383900 -0.121635 0.215844 0.968822 2.849900 0.000000 0.000000 0.000000 1.000000
0.991917 0.067455 0.107471 0.000000 -0.041844 0.973501 -0.224824 7.383900 -0.119788 0.218510 0.968455 2.849900 0.000000 0.000000 0.000000 1.000000
0.992537 0.060088 0.106108 -0.000000 -0.034504 0.972992 -0.228244 7.383900 -0.116956 0.222879 0.967805 2.849900 0.000000 0.000000 0.000000 1.000000
0.992929 0.057830 0.103672 -0.000000 -0.032803 0.972976 -0.228565 7.383900 -0.114088 0.223548 0.967993 2.849900 0.000000 0.000000 0.000000 1.000000
0.993174 0.057266 0.101614 0.000000 -0.033124 0.973786 -0.225042 7.383900 -0.111837 0.220140 0.969036 2.849900 0.000000 0.000000 0.000000 1.000000
0.993129 0.056346 0.102569 0.000000 -0.032387 0.974559 -0.221781 7.383900 -0.112456 0.216935 0.969687 2.849900 0.000000 0.000000 0.000000 1.000000
0.992570 0.060174 0.105754 0.000000 -0.035524 0.974597 -0.221131 7.383900 -0.116374 0.215731 0.969493 2.849900 0.000000 0.000000 0.000000 1.000000
0.991917 0.065735 0.108533 -0.000000 -0.040253 0.974182 -0.222148 7.383900 -0.120334 0.215984 0.968953 2.849900 0.000000 0.000000 0.000000 1.000000
0.991715 0.065833 0.110302 0.000000 -0.039692 0.973714 -0.224289 7.383900 -0.122168 0.218053 0.968260 2.849900 0.000000 0.000000 0.000000 1.000000
0.991561 0.067067 0.110948 0.000000 -0.040194 0.972656 -0.228744 7.383900 -0.123255 0.222354 0.967144 2.849900 0.000000 0.000000 0.000000 1.000000
0.991127 0.071560 0.112014 0.000000 -0.043906 0.971662 -0.232261 7.383900 -0.125460 0.225282 0.966182 2.849900 0.000000 0.000000 0.000000 1.000000
0.990788 0.075155 0.112652 0.000000 -0.047083 0.971146 -0.233793 7.383900 -0.126972 0.226335 0.965738 2.849900 0.000000 0.000000 0.000000 1.000000
0.990649 0.077505 0.112281 0.000000 -0.049348 0.970808 -0.234728 7.383900 -0.127195 0.226993 0.965555 2.849900 0.000000 0.000000 0.000000 1.000000
0.990218 0.081548 0.113219 0.000000 -0.053046 0.970524 -0.235095 7.383900 -0.129053 0.226790 0.965356 2.849900 0.000000 0.000000 0.000000 1.000000
0.989769 0.086406 0.113544 0.000000 -0.057847 0.970453 -0.234255 7.383900 -0.130430 0.225290 0.965522 2.849900 0.000000 0.000000 0.000000 1.000000
0.989944 0.086351 0.112049 0.000000 -0.058610 0.971261 -0.230687 7.383900 -0.128749 0.221800 0.966555 2.849900 0.000000 0.000000 0.000000 1.000000
0.990481 0.082710 0.110033 0.000000 -0.056051 0.972421 -0.226396 7.383900 -0.125724 0.218073 0.967800 2.849900 0.000000 0.000000 0.000000 1.000000
0.990981 0.080437 0.107177 0.000000 -0.054843 0.973204 -0.223309 7.383900 -0.122267 0.215417 0.968837 2.849900 0.000000 0.000000 0.000000 1.000000</float_array>
        <technique_common>
          <accessor source="#mixamorig12_Head-Matrix-animation-output-transform-array" count="19" stride="16">
            <param type="float4x4"/>
          </accessor>
        </technique_common>
      </source>
      <source id="mixamorig12_Head-Interpolations">
        <Name_array id="mixamorig12_Head-Interpolations-array" count="19">
 LINEAR LINEAR LINEAR LINEAR LINEAR LINEAR LINEAR LINEAR LINEAR LINEAR LINEAR
LINEAR LINEAR LINEAR LINEAR LINEAR LINEAR LINEAR LINEAR</Name_array>
        <technique_common>
          <accessor source="#mixamorig12_Head-Interpolations-array" count="19">
            <param type="name"/>
          </accessor>
        </technique_common>
      </source>
      <sampler id="mixamorig12_Head-Matrix-animation-transform">
        <input semantic="INPUT" source="#mixamorig12_Head-Matrix-animation-input"/>
        <input semantic="OUTPUT" source="#mixamorig12_Head-Matrix-animation-output-transform"/>
        <input semantic="INTERPOLATION" source="#mixamorig12_Head-Interpolations"/>
      </sampler>
      <channel source="#mixamorig12_Head-Matrix-animation-transform" target="mixamorig12_Head/matrix"/>
    </animation>
    <animation id="mixamorig12_LeftShoulder-anim" name="mixamorig12_LeftShoulder">
      <source id="mixamorig12_LeftShoulder-Matrix-animation-input">
        <float_array id="mixamorig12_LeftShoulder-Matrix-animation-input-array" count="19">

0.000000 0.033333 0.066667 0.100000 0.133333 0.166667 0.200000 0.233333 0.266667 0.300000 0.333333 0.366667 0.400000 0.433333 0.466667 0.500000
0.533333 0.566667 0.600000</float_array>
        <technique_common>
          <accessor source="#mixamorig12_LeftShoulder-Matrix-animation-input-array" count="19">
            <param name="TIME" type="float"/>
          </accessor>
        </technique_common>
      </source>
      <source id="mixamorig12_LeftShoulder-Matrix-animation-output-transform">
        <float_array id="mixamorig12_LeftShoulder-Matrix-animation-output-transform-array" count="304">

-0.139683 0.873877 -0.465647 7.052500 0.069833 -0.460392 -0.884965 13.015400 -0.987731 -0.156132 0.003283 -0.256200 0.000000 0.000000 0.000000 1.000000
-0.131572 0.878864 -0.458570 7.052500 0.066529 -0.453720 -0.888658 13.015400 -0.989072 -0.147430 0.001227 -0.256200 0.000000 0.000000 0.000000 1.000000
-0.121988 0.884047 -0.451199 7.052500 0.063174 -0.446757 -0.892422 13.015400 -0.990519 -0.137369 -0.001350 -0.256200 0.000000 0.000000 0.000000 1.000000
-0.122405 0.886911 -0.445428 7.052500 0.060926 -0.441242 -0.895318 13.015400 -0.990608 -0.136729 -0.000026 -0.256200 0.000000 0.000000 0.000000 1.000000
-0.126404 0.889776 -0.438545 7.052500 0.058390 -0.434650 -0.898704 13.015400 -0.990259 -0.139206 0.002988 -0.256200 0.000000 0.000000 0.000000 1.000000
-0.124152 0.895807 -0.426750 7.052500 0.053793 -0.423369 -0.904359 13.015400 -0.990804 -0.135234 0.004374 -0.256200 0.000000 0.000000 0.000000 1.000000
-0.124743 0.900555 -0.416462 7.052500 0.049936 -0.413510 -0.909129 13.015400 -0.990932 -0.134204 0.006612 -0.256200 0.000000 0.000000 0.000000 1.000000
-0.130581 0.897196 -0.421886 7.052500 0.052236 -0.418712 -0.906615 13.015400 -0.990061 -0.140425 0.007810 -0.256200 0.000000 0.000000 0.000000 1.000000
-0.129817 0.888612 -0.439905 7.052500 0.059225 -0.435918 -0.898035 13.015400 -0.989768 -0.142634 0.003962 -0.256200 0.000000 0.000000 0.000000 1.000000
-0.123227 0.882535 -0.453814 7.052500 0.064384 -0.449226 -0.891095 13.015400 -0.990288 -0.139025 -0.001464 -0.256200 0.000000 0.000000 0.000000 1.000000
-0.124184 0.877776 -0.462697 7.052500 0.067850 -0.457703 -0.886513 13.015400 -0.989937 -0.141485 -0.002717 -0.256200 0.000000 0.000000 0.000000 1.000000
-0.136696 0.872858 -0.468437 7.052500 0.070635 -0.463084 -0.883495 13.015400 -0.988092 -0.153858 0.001647 -0.256200 0.000000 0.000000 0.000000 1.000000
-0.148265 0.870814 -0.468722 7.052500 0.071305 -0.463313 -0.883321 13.015400 -0.986374 -0.164388 0.006600 -0.256200 0.000000 0.000000 0.000000 1.000000
-0.149396 0.872652 -0.464930 7.052500 0.069881 -0.459713 -0.885314 13.015400 -0.986305 -0.164752 0.007698 -0.256200 0.000000 0.000000 0.000000 1.000000
-0.144882 0.875920 -0.460188 7.052500 0.067859 -0.455204 -0.887798 13.015400 -0.987119 -0.159854 0.006512 -0.256200 0.000000 0.000000 0.000000 1.000000
-0.140185 0.878416 -0.456874 7.052500 0.066430 -0.452046 -0.889517 13.015400 -0.987894 -0.155047 0.005017 -0.256200 0.000000 0.000000 0.000000 1.000000
-0.140189 0.879162 -0.455435 7.052500 0.065931 -0.450668 -0.890254 13.015400 -0.987927 -0.154831 0.005215 -0.256200 0.000000 0.000000 0.000000 1.000000
-0.142571 0.877602 -0.457698 7.052500 0.066926 -0.452816 -0.889089 13.015400 -0.987519 -0.157390 0.005824 -0.256200 0.000000 0.000000 0.000000 1.000000
-0.139683 0.873877 -0.465647 7.052500 0.069833 -0.460393 -0.884964 13.015400 -0.987731 -0.156132 0.003283 -0.256200 0.000000 0.000000 0.000000 1.000000</float_array>
        <technique_common>
          <accessor source="#mixamorig12_LeftShoulder-Matrix-animation-output-transform-array" count="19" stride="16">
            <param type="float4x4"/>
          </accessor>
        </technique_common>
      </source>
      <source id="mixamorig12_LeftShoulder-Interpolations">
        <Name_array id="mixamorig12_LeftShoulder-Interpolations-array" count="19">
 LINEAR LINEAR LINEAR LINEAR LINEAR LINEAR LINEAR LINEAR LINEAR LINEAR LINEAR
LINEAR LINEAR LINEAR LINEAR LINEAR LINEAR LINEAR LINEAR</Name_array>
        <technique_common>
          <accessor source="#mixamorig12_LeftShoulder-Interpolations-array" count="19">
            <param type="name"/>
          </accessor>
        </technique_common>
      </source>
      <sampler id="mixamorig12_LeftShoulder-Matrix-animation-transform">
        <input semantic="INPUT" source="#mixamorig12_LeftShoulder-Matrix-animation-input"/>
        <input semantic="OUTPUT" source="#mixamorig12_LeftShoulder-Matrix-animation-output-transform"/>
        <input semantic="INTERPOLATION" source="#mixamorig12_LeftShoulder-Interpolations"/>
      </sampler>
      <channel source="#mixamorig12_LeftShoulder-Matrix-animation-transform" target="mixamorig12_LeftShoulder/matrix"/>
    </animation>
    <animation id="mixamorig12_LeftArm-anim" name="mixamorig12_LeftArm">
      <source id="mixamorig12_LeftArm-Matrix-animation-input">
        <float_array id="mixamorig12_LeftArm-Matrix-animation-input-array" count="19">

0.000000 0.033333 0.066667 0.100000 0.133333 0.166667 0.200000 0.233333 0.266667 0.300000 0.333333 0.366667 0.400000 0.433333 0.466667 0.500000
0.533333 0.566667 0.600000</float_array>
        <technique_common>
          <accessor source="#mixamorig12_LeftArm-Matrix-animation-input-array" count="19">
            <param name="TIME" type="float"/>
          </accessor>
        </technique_common>
      </source>
      <source id="mixamorig12_LeftArm-Matrix-animation-output-transform">
        <float_array id="mixamorig12_LeftArm-Matrix-animation-output-transform-array" count="304">

0.538345 -0.818748 -0.199590 0.000000 0.675422 0.560831 -0.478825 14.673100 0.503973 0.122966 0.854921 0.000000 0.000000 0.000000 0.000000 1.000000
0.539857 -0.810370 -0.227716 0.000000 0.672437 0.577913 -0.462434 14.673100 0.506343 0.096523 0.856913 -0.000000 0.000000 0.000000 0.000000 1.000000
0.540197 -0.803098 -0.251437 0.000000 0.669477 0.591151 -0.449823 14.673100 0.509889 0.074662 0.856994 0.000000 0.000000 0.000000 0.000000 1.000000
0.535195 -0.803696 -0.260075 -0.000000 0.674372 0.591920 -0.441422 14.673100 0.508713 0.060860 0.858782 0.000000 0.000000 0.000000 0.000000 1.000000
0.530568 -0.804806 -0.266052 0.000000 0.673875 0.590885 -0.443562 14.673100 0.514188 0.056054 0.855844 0.000000 0.000000 0.000000 0.000000 1.000000
0.535635 -0.797620 -0.277304 -0.000000 0.657209 0.599953 -0.456215 14.673100 0.530255 0.062118 0.845559 0.000000 0.000000 0.000000 0.000000 1.000000
0.548389 -0.786970 -0.282752 0.000000 0.637931 0.612327 -0.467012 14.673100 0.540661 0.075728 0.837825 -0.000000 0.000000 0.000000 0.000000 1.000000
0.559504 -0.778406 -0.284673 -0.000000 0.628860 0.622423 -0.465966 14.673100 0.539898 0.081691 0.837757 0.000000 0.000000 0.000000 0.000000 1.000000
0.566053 -0.771212 -0.291230 -0.000000 0.627805 0.632243 -0.454014 14.673100 0.534269 0.074160 0.842055 0.000000 0.000000 0.000000 0.000000 1.000000
0.573518 -0.765678 -0.291229 0.000000 0.629519 0.639423 -0.441411 14.673100 0.524197 0.069823 0.848730 0.000000 0.000000 0.000000 0.000000 1.000000
0.581315 -0.762877 -0.283003 0.000000 0.627972 0.641802 -0.440161 14.673100 0.517421 0.078154 0.852155 0.000000 0.000000 0.000000 0.000000 1.000000
0.582380 -0.764813 -0.275488 0.000000 0.622684 0.637555 -0.453638 14.673100 0.522587 0.092648 0.847537 -0.000000 0.000000 0.000000 0.000000 1.000000
0.581241 -0.766830 -0.272269 0.000000 0.610521 0.632163 -0.477111 14.673100 0.537981 0.111091 0.835605 0.000000 0.000000 0.000000 0.000000 1.000000
0.585862 -0.766497 -0.263149 0.000000 0.595659 0.627453 -0.501491 14.673100 0.549505 0.137058 0.824172 0.000000 0.000000 0.000000 0.000000 1.000000
0.591226 -0.769237 -0.242336 0.000000 0.587879 0.616747 -0.523470 14.673100 0.552133 0.167025 0.816855 0.000000 0.000000 0.000000 0.000000 1.000000
0.589225 -0.777602 -0.219430 -0.000000 0.590885 0.599945 -0.539371 14.673100 0.551062 0.188153 0.812976 0.000000 0.000000 0.000000 0.000000 1.000000
0.577008 -0.791405 -0.201841 -0.000000 0.611376 0.582390 -0.535762 14.673100 0.541555 0.185739 0.819890 0.000000 0.000000 0.000000 0.000000 1.000000
0.559650 -0.805255 -0.195849 0.000000 0.642801 0.570954 -0.510703 14.673100 0.523067 0.159923 0.837153 -0.000000 0.000000 0.000000 0.000000 1.000000
0.538345 -0.818748 -0.199590 0.000000 0.675422 0.560831 -0.478825 14.673100 0.503973 0.122966 0.854921 0.000000 0.000000 0.000000 0.000000 1.000000</float_array>
        <technique_common>
          <accessor source="#mixamorig12_LeftArm-Matrix-animation-output-transform-array" count="19" stride="16">
            <param type="float4x4"/>
          </accessor>
        </technique_common>
      </source>
      <source id="mixamorig12_LeftArm-Interpolations">
        <Name_array id="mixamorig12_LeftArm-Interpolations-array" count="19">
 LINEAR LINEAR LINEAR LINEAR LINEAR LINEAR LINEAR LINEAR LINEAR LINEAR LINEAR
LINEAR LINEAR LINEAR LINEAR LINEAR LINEAR LINEAR LINEAR</Name_array>
        <technique_common>
          <accessor source="#mixamorig12_LeftArm-Interpolations-array" count="19">
            <param type="name"/>
          </accessor>
        </technique_common>
      </source>
      <sampler id="mixamorig12_LeftArm-Matrix-animation-transform">
        <input semantic="INPUT" source="#mixamorig12_LeftArm-Matrix-animation-input"/>
        <input semantic="OUTPUT" source="#mixamorig12_LeftArm-Matrix-animation-output-transform"/>
        <input semantic="INTERPOLATION" source="#mixamorig12_LeftArm-Interpolations"/>
      </sampler>
      <channel source="#mixamorig12_LeftArm-Matrix-animation-transform" target="mixamorig12_LeftArm/matrix"/>
    </animation>
    <animation id="mixamorig12_LeftForeArm-anim" name="mixamorig12_LeftForeArm">
      <source id="mixamorig12_LeftForeArm-Matrix-animation-input">
        <float_array id="mixamorig12_LeftForeArm-Matrix-animation-input-array" count="19">

0.000000 0.033333 0.066667 0.100000 0.133333 0.166667 0.200000 0.233333 0.266667 0.300000 0.333333 0.366667 0.400000 0.433333 0.466667 0.500000
0.533333 0.566667 0.600000</float_array>
        <technique_common>
          <accessor source="#mixamorig12_LeftForeArm-Matrix-animation-input-array" count="19">
            <param name="TIME" type="float"/>
          </accessor>
