<?xml version="1.0" encoding="utf-8"?>
<COLLADA xmlns="http://www.collada.org/2005/11/COLLADASchema" version="1.4.1">
  <asset>
    <contributor>
      <author>Mixamo</author>
      <authoring_tool>COLLADA Mixamo exporter</authoring_tool>
      <comments/>
    </contributor>
    <created>2025-06-01T04:41:17Z</created>
    <modified>2025-06-01T04:41:17Z</modified>
    <revision/>
    <title/>
    <unit meter="0.010000"/>
    <up_axis>Y_UP</up_axis>
  </asset>
  <library_animations>
    <animation id="mixamorig12_Hips-anim" name="mixamorig12_Hips">
      <source id="mixamorig12_Hips-Matrix-animation-input">
        <float_array id="mixamorig12_Hips-Matrix-animation-input-array" count="61">

0.000000 0.033333 0.066667 0.100000 0.133333 0.166667 0.200000 0.233333 0.266667 0.300000 0.333333 0.366667 0.400000 0.433333 0.466667 0.500000
0.533333 0.566667 0.600000 0.633333 0.666667 0.700000 0.733333 0.766667 0.800000 0.833333 0.866667 0.900000 0.933333 0.966667 1.000000 1.033333
1.066667 1.100000 1.133333 1.166667 1.200000 1.233333 1.266667 1.300000 1.333333 1.366667 1.400000 1.433333 1.466667 1.500000 1.533333 1.566667
1.600000 1.633333 1.666667 1.700000 1.733333 1.766667 1.800000 1.833333 1.866667 1.900000 1.933333 1.966667 2.000000</float_array>
        <technique_common>
          <accessor source="#mixamorig12_Hips-Matrix-animation-input-array" count="61">
            <param name="TIME" type="float"/>
          </accessor>
        </technique_common>
      </source>
      <source id="mixamorig12_Hips-Matrix-animation-output-transform">
        <float_array id="mixamorig12_Hips-Matrix-animation-output-transform-array" count="976">

0.949584 0.025667 -0.312460 -0.108774 0.010930 0.993327 0.114814 93.720848 0.313321 -0.112441 0.942967 0.177061 0.000000 0.000000 0.000000 1.000000
0.948860 0.026409 -0.314592 -0.090545 0.010288 0.993379 0.114424 93.700752 0.315530 -0.111809 0.942305 0.196758 0.000000 0.000000 0.000000 1.000000
0.948147 0.026859 -0.316696 -0.063743 0.009534 0.993571 0.112810 93.695099 0.317690 -0.109979 0.941795 0.233657 0.000000 0.000000 0.000000 1.000000
0.947859 0.027039 -0.317542 -0.040280 0.008646 0.993846 0.110434 93.710007 0.318574 -0.107421 0.941791 0.294044 0.000000 0.000000 0.000000 1.000000
0.948145 0.026984 -0.316689 -0.033122 0.007879 0.994088 0.108295 93.734497 0.317739 -0.105174 0.942327 0.374493 0.000000 0.000000 0.000000 1.000000
0.948818 0.026916 -0.314676 -0.041661 0.007335 0.994215 0.107157 93.752167 0.315739 -0.103981 0.943131 0.465961 0.000000 0.000000 0.000000 1.000000
0.949429 0.027292 -0.312794 -0.047259 0.006668 0.994238 0.106990 93.753006 0.313911 -0.103665 0.943776 0.561180 0.000000 0.000000 0.000000 1.000000
0.949427 0.028437 -0.312699 -0.027737 0.005529 0.994222 0.107204 93.726158 0.313941 -0.103512 0.943783 0.652928 0.000000 0.000000 0.000000 1.000000
0.948501 0.030259 -0.315327 0.023519 0.003959 0.994217 0.107313 93.665428 0.316751 -0.103035 0.942896 0.732533 0.000000 0.000000 0.000000 1.000000
0.946732 0.032457 -0.320384 0.095842 0.002266 0.994212 0.107415 93.581184 0.322015 -0.102419 0.941178 0.795063 0.000000 0.000000 0.000000 1.000000
0.944251 0.035064 -0.327355 0.172943 0.000514 0.994154 0.107969 93.497467 0.329227 -0.102118 0.938713 0.846230 0.000000 0.000000 0.000000 1.000000
0.940872 0.038648 -0.336550 0.250760 -0.002060 0.994105 0.108399 93.430557 0.338756 -0.101296 0.935405 0.897269 0.000000 0.000000 0.000000 1.000000
0.936121 0.043701 -0.348953 0.339753 -0.006720 0.994291 0.106493 93.379478 0.351614 -0.097345 0.931070 0.952618 0.000000 0.000000 0.000000 1.000000
0.929803 0.049935 -0.364654 0.448643 -0.013674 0.994756 0.101354 93.335938 0.367803 -0.089253 0.925610 1.004760 0.000000 0.000000 0.000000 1.000000
0.922861 0.056149 -0.381018 0.572511 -0.020706 0.995118 0.096495 93.289780 0.384576 -0.081162 0.919518 1.041013 0.000000 0.000000 0.000000 1.000000
0.917192 0.061149 -0.393724 0.695296 -0.024860 0.995011 0.096622 93.244659 0.397668 -0.078833 0.914136 1.061434 0.000000 0.000000 0.000000 1.000000
0.913555 0.065275 -0.401442 0.815611 -0.026550 0.994503 0.101287 93.198647 0.405847 -0.081873 0.910266 1.088154 0.000000 0.000000 0.000000 1.000000
0.910363 0.070249 -0.407804 0.948991 -0.029826 0.994061 0.104658 93.150604 0.412735 -0.083114 0.907051 1.151833 0.000000 0.000000 0.000000 1.000000
0.906174 0.076799 -0.415874 1.092291 -0.037490 0.994089 0.101889 93.138618 0.421241 -0.076738 0.903696 1.275933 0.000000 0.000000 0.000000 1.000000
0.902188 0.083330 -0.423217 1.222911 -0.048064 0.994473 0.093348 93.211212 0.428656 -0.063877 0.901207 1.469442 0.000000 0.000000 0.000000 1.000000
0.900217 0.087904 -0.426477 1.336500 -0.058000 0.994891 0.082635 93.390068 0.431562 -0.049654 0.900716 1.714387 0.000000 0.000000 0.000000 1.000000
0.899708 0.089990 -0.427115 1.457505 -0.065147 0.995241 0.072460 93.654190 0.431603 -0.037368 0.901289 1.974416 0.000000 0.000000 0.000000 1.000000
0.899282 0.089831 -0.428044 1.595932 -0.069765 0.995612 0.062374 93.966339 0.431769 -0.026229 0.901603 2.233840 0.000000 0.000000 0.000000 1.000000
0.899267 0.087835 -0.428491 1.725140 -0.073066 0.996031 0.050830 94.300369 0.431255 -0.014401 0.902115 2.506366 0.000000 0.000000 0.000000 1.000000
0.900321 0.084411 -0.426962 1.823549 -0.074103 0.996418 0.040734 94.623016 0.428871 -0.005034 0.903352 2.781787 0.000000 0.000000 0.000000 1.000000
0.901744 0.079690 -0.424862 1.901337 -0.069348 0.996799 0.039779 94.878960 0.426672 -0.006407 0.904384 3.004298 0.000000 0.000000 0.000000 1.000000
0.903041 0.073836 -0.423161 1.967390 -0.057923 0.997050 0.050362 95.033379 0.425631 -0.020968 0.904654 3.157380 0.000000 0.000000 0.000000 1.000000
0.905154 0.067529 -0.419687 2.006854 -0.045546 0.997024 0.062193 95.123596 0.422638 -0.037179 0.905536 3.326554 0.000000 0.000000 0.000000 1.000000
0.908201 0.061610 -0.413975 2.015590 -0.038028 0.997162 0.064977 95.218338 0.416803 -0.043269 0.907966 3.583707 0.000000 0.000000 0.000000 1.000000
0.910614 0.056610 -0.409362 2.012455 -0.034560 0.997535 0.061070 95.327545 0.411810 -0.041463 0.910326 3.881578 0.000000 0.000000 0.000000 1.000000
0.911824 0.052222 -0.407246 2.000283 -0.031286 0.997832 0.057905 95.415001 0.409387 -0.040058 0.911481 4.124218 0.000000 0.000000 0.000000 1.000000
0.913293 0.048151 -0.404448 1.956576 -0.027473 0.998009 0.056778 95.462997 0.406377 -0.040744 0.912797 4.275114 0.000000 0.000000 0.000000 1.000000
0.916254 0.044956 -0.398068 1.869218 -0.025159 0.998179 0.054820 95.479340 0.399808 -0.040214 0.915716 4.352218 0.000000 0.000000 0.000000 1.000000
0.920249 0.043035 -0.388960 1.747672 -0.024639 0.998335 0.052164 95.471207 0.390557 -0.038420 0.919777 4.366945 0.000000 0.000000 0.000000 1.000000
0.924314 0.041687 -0.379349 1.599077 -0.024006 0.998399 0.051224 95.437248 0.380877 -0.038241 0.923835 4.318119 0.000000 0.000000 0.000000 1.000000
0.928139 0.040098 -0.370066 1.422039 -0.022214 0.998376 0.052466 95.376083 0.371569 -0.040475 0.927523 4.217386 0.000000 0.000000 0.000000 1.000000
0.931757 0.038269 -0.361059 1.224167 -0.019753 0.998300 0.054836 95.294395 0.362544 -0.043962 0.930929 4.081747 0.000000 0.000000 0.000000 1.000000
0.935085 0.036525 -0.352536 1.024766 -0.017211 0.998182 0.057767 95.202431 0.354005 -0.047949 0.934013 3.915337 0.000000 0.000000 0.000000 1.000000
0.938115 0.035058 -0.344544 0.839061 -0.015003 0.998043 0.060702 95.107208 0.345998 -0.051777 0.936805 3.724759 0.000000 0.000000 0.000000 1.000000
0.941104 0.033851 -0.336419 0.672060 -0.013355 0.997921 0.063054 95.010948 0.337853 -0.054848 0.939599 3.528804 0.000000 0.000000 0.000000 1.000000
0.944241 0.032460 -0.327651 0.525649 -0.011621 0.997794 0.065359 94.910332 0.329050 -0.057907 0.942535 3.338307 0.000000 0.000000 0.000000 1.000000
0.947284 0.030451 -0.318945 0.405884 -0.008965 0.997603 0.068621 94.797462 0.320270 -0.062145 0.945286 3.147871 0.000000 0.000000 0.000000 1.000000
0.949779 0.028213 -0.311647 0.322834 -0.005751 0.997333 0.072763 94.669403 0.312869 -0.067317 0.947408 2.949456 0.000000 0.000000 0.000000 1.000000
0.951480 0.026313 -0.306585 0.275968 -0.002768 0.997029 0.076981 94.537491 0.307699 -0.072397 0.948725 2.742609 0.000000 0.000000 0.000000 1.000000
0.952403 0.024449 -0.303859 0.243291 0.000178 0.996734 0.080757 94.419006 0.304841 -0.076967 0.949288 2.536086 0.000000 0.000000 0.000000 1.000000
0.952765 0.022349 -0.302886 0.200686 0.003242 0.996483 0.083727 94.322433 0.303692 -0.080754 0.949342 2.343368 0.000000 0.000000 0.000000 1.000000
0.952949 0.020720 -0.302423 0.144808 0.005513 0.996312 0.085632 94.248505 0.303082 -0.083270 0.949320 2.171528 0.000000 0.000000 0.000000 1.000000
0.953272 0.020275 -0.301432 0.086360 0.006295 0.996196 0.086916 94.191139 0.302048 -0.084752 0.949518 2.013526 0.000000 0.000000 0.000000 1.000000
0.953725 0.020832 -0.299957 0.034977 0.006073 0.996059 0.088485 94.138618 0.300618 -0.086212 0.949840 1.858923 0.000000 0.000000 0.000000 1.000000
0.954099 0.021766 -0.298701 -0.005118 0.005716 0.995851 0.090824 94.085419 0.299438 -0.088363 0.950015 1.708663 0.000000 0.000000 0.000000 1.000000
0.954200 0.022801 -0.298301 -0.033513 0.005488 0.995590 0.093652 94.034241 0.299120 -0.091000 0.949866 1.571943 0.000000 0.000000 0.000000 1.000000
0.953945 0.024023 -0.299018 -0.050345 0.005134 0.995335 0.096343 93.986237 0.299938 -0.093441 0.949371 1.452276 0.000000 0.000000 0.000000 1.000000
0.953416 0.025472 -0.300582 -0.053978 0.004551 0.995101 0.098763 93.939819 0.301625 -0.095530 0.948629 1.341813 0.000000 0.000000 0.000000 1.000000
0.953109 0.026787 -0.301439 -0.036452 0.003857 0.994918 0.100610 93.896629 0.302602 -0.097055 0.948162 1.251322 0.000000 0.000000 0.000000 1.000000
0.952891 0.028044 -0.302015 -0.026223 0.003192 0.994734 0.102438 93.863869 0.303297 -0.098576 0.947783 1.166595 0.000000 0.000000 0.000000 1.000000
0.952780 0.029107 -0.302263 -0.011768 0.002610 0.994574 0.104003 93.843414 0.303650 -0.099881 0.947534 1.106948 0.000000 0.000000 0.000000 1.000000
0.952723 0.029582 -0.302396 0.003768 0.002438 0.994473 0.104966 93.822647 0.303830 -0.100741 0.947385 1.069052 0.000000 0.000000 0.000000 1.000000
0.952688 0.029952 -0.302470 0.018654 0.002294 0.994396 0.105695 93.803658 0.303941 -0.101388 0.947280 1.038370 0.000000 0.000000 0.000000 1.000000
0.952670 0.030205 -0.302503 0.031376 0.002184 0.994346 0.106162 93.788071 0.303999 -0.101798 0.947218 1.015286 0.000000 0.000000 0.000000 1.000000
0.952663 0.030349 -0.302511 0.040244 0.002114 0.994320 0.106410 93.777519 0.304023 -0.102012 0.947187 1.000744 0.000000 0.000000 0.000000 1.000000
0.952661 0.030395 -0.302510 0.043577 0.002089 0.994312 0.106483 93.773643 0.304026 -0.102074 0.947179 0.995686 0.000000 0.000000 0.000000 1.000000</float_array>
        <technique_common>
          <accessor source="#mixamorig12_Hips-Matrix-animation-output-transform-array" count="61" stride="16">
            <param type="float4x4"/>
          </accessor>
        </technique_common>
      </source>
      <source id="mixamorig12_Hips-Interpolations">
        <Name_array id="mixamorig12_Hips-Interpolations-array" count="61">
 LINEAR LINEAR LINEAR LINEAR LINEAR LINEAR LINEAR LINEAR LINEAR LINEAR LINEAR
LINEAR LINEAR LINEAR LINEAR LINEAR LINEAR LINEAR LINEAR LINEAR LINEAR LINEAR LINEAR
LINEAR LINEAR LINEAR LINEAR LINEAR LINEAR LINEAR LINEAR LINEAR LINEAR LINEAR LINEAR
LINEAR LINEAR LINEAR LINEAR LINEAR LINEAR LINEAR LINEAR LINEAR LINEAR LINEAR LINEAR
LINEAR LINEAR LINEAR LINEAR LINEAR LINEAR LINEAR LINEAR LINEAR LINEAR LINEAR LINEAR
LINEAR LINEAR</Name_array>
        <technique_common>
          <accessor source="#mixamorig12_Hips-Interpolations-array" count="61">
            <param type="name"/>
          </accessor>
        </technique_common>
      </source>
      <sampler id="mixamorig12_Hips-Matrix-animation-transform">
        <input semantic="INPUT" source="#mixamorig12_Hips-Matrix-animation-input"/>
        <input semantic="OUTPUT" source="#mixamorig12_Hips-Matrix-animation-output-transform"/>
        <input semantic="INTERPOLATION" source="#mixamorig12_Hips-Interpolations"/>
      </sampler>
      <channel source="#mixamorig12_Hips-Matrix-animation-transform" target="mixamorig12_Hips/matrix"/>
    </animation>
    <animation id="mixamorig12_Spine-anim" name="mixamorig12_Spine">
      <source id="mixamorig12_Spine-Matrix-animation-input">
        <float_array id="mixamorig12_Spine-Matrix-animation-input-array" count="61">

0.000000 0.033333 0.066667 0.100000 0.133333 0.166667 0.200000 0.233333 0.266667 0.300000 0.333333 0.366667 0.400000 0.433333 0.466667 0.500000
0.533333 0.566667 0.600000 0.633333 0.666667 0.700000 0.733333 0.766667 0.800000 0.833333 0.866667 0.900000 0.933333 0.966667 1.000000 1.033333
1.066667 1.100000 1.133333 1.166667 1.200000 1.233333 1.266667 1.300000 1.333333 1.366667 1.400000 1.433333 1.466667 1.500000 1.533333 1.566667
1.600000 1.633333 1.666667 1.700000 1.733333 1.766667 1.800000 1.833333 1.866667 1.900000 1.933333 1.966667 2.000000</float_array>
        <technique_common>
          <accessor source="#mixamorig12_Spine-Matrix-animation-input-array" count="61">
            <param name="TIME" type="float"/>
          </accessor>
        </technique_common>
      </source>
      <source id="mixamorig12_Spine-Matrix-animation-output-transform">
        <float_array id="mixamorig12_Spine-Matrix-animation-output-transform-array" count="976">

0.999947 0.009667 -0.003563 -0.000000 -0.009420 0.997926 0.063671 10.052400 0.004171 -0.063634 0.997965 -1.105100 0.000000 0.000000 0.000000 1.000000
0.999952 0.009313 -0.003133 -0.000000 -0.009093 0.997908 0.064012 10.052400 0.003722 -0.063980 0.997944 -1.105100 0.000000 0.000000 0.000000 1.000000
0.999953 0.009153 -0.003186 0.000000 -0.008928 0.997871 0.064604 10.052400 0.003770 -0.064573 0.997906 -1.105100 0.000000 0.000000 0.000000 1.000000
0.999945 0.009536 -0.004391 0.000000 -0.009230 0.997841 0.065024 10.052400 0.005002 -0.064980 0.997874 -1.105100 0.000000 0.000000 0.000000 1.000000
0.999920 0.010575 -0.006990 -0.000000 -0.010100 0.997845 0.064828 10.052400 0.007661 -0.064752 0.997872 -1.105100 0.000000 0.000000 0.000000 1.000000
0.999869 0.012088 -0.010734 -0.000000 -0.011379 0.997895 0.063838 10.052400 0.011483 -0.063707 0.997903 -1.105100 0.000000 0.000000 0.000000 1.000000
0.999789 0.013826 -0.015171 -0.000000 -0.012857 0.997983 0.062161 10.052400 0.016000 -0.061953 0.997951 -1.105100 0.000000 0.000000 0.000000 1.000000
0.999677 0.015645 -0.020015 0.000000 -0.014418 0.998093 0.060021 10.052400 0.020916 -0.059713 0.997996 -1.105100 0.000000 0.000000 0.000000 1.000000
0.999526 0.017476 -0.025361 0.000000 -0.015993 0.998215 0.057535 10.052400 0.026321 -0.057103 0.998021 -1.105100 0.000000 0.000000 0.000000 1.000000
0.999319 0.019338 -0.031435 -0.000000 -0.017599 0.998348 0.054702 10.052400 0.032441 -0.054111 0.998008 -1.105100 0.000000 0.000000 0.000000 1.000000
0.999045 0.021342 -0.038139 -0.000000 -0.019360 0.998481 0.051585 10.052400 0.039182 -0.050798 0.997940 -1.105100 0.000000 0.000000 0.000000 1.000000
0.998715 0.023402 -0.044954 0.000000 -0.021215 0.998597 0.048528 10.052400 0.046027 -0.047512 0.997810 -1.105100 0.000000 0.000000 0.000000 1.000000
0.998370 0.025132 -0.051240 0.000000 -0.022770 0.998674 0.046169 10.052400 0.052332 -0.044927 0.997619 -1.105100 0.000000 0.000000 0.000000 1.000000
0.998045 0.026347 -0.056679 0.000000 -0.023813 0.998706 0.044927 10.052400 0.057789 -0.043490 0.997381 -1.105100 0.000000 0.000000 0.000000 1.000000
0.997723 0.027560 -0.061561 0.000000 -0.024851 0.998707 0.044340 10.052400 0.062703 -0.042709 0.997118 -1.105100 0.000000 0.000000 0.000000 1.000000
0.997360 0.029505 -0.066356 0.000000 -0.026657 0.998702 0.043405 10.052400 0.067550 -0.041521 0.996852 -1.105100 0.000000 0.000000 0.000000 1.000000
0.996972 0.032121 -0.070819 -0.000000 -0.029208 0.998700 0.041784 10.052400 0.072069 -0.039589 0.996614 -1.105100 0.000000 0.000000 0.000000 1.000000
0.996663 0.034403 -0.074017 -0.000000 -0.031491 0.998697 0.040166 10.052400 0.075302 -0.037701 0.996448 -1.105100 0.000000 0.000000 0.000000 1.000000
0.996497 0.035555 -0.075691 0.000000 -0.032651 0.998695 0.039269 10.052400 0.076988 -0.036660 0.996358 -1.105100 0.000000 0.000000 0.000000 1.000000
0.996393 0.035907 -0.076886 0.000000 -0.032973 0.998691 0.039094 10.052400 0.078189 -0.036417 0.996273 -1.105100 0.000000 0.000000 0.000000 1.000000
0.996251 0.036428 -0.078465 0.000000 -0.033423 0.998669 0.039276 10.052400 0.079792 -0.036506 0.996143 -1.105100 0.000000 0.000000 0.000000 1.000000
0.996098 0.037587 -0.079848 0.000000 -0.034498 0.998615 0.039718 10.052400 0.081230 -0.036809 0.996015 -1.105100 0.000000 0.000000 0.000000 1.000000
0.996020 0.039001 -0.080142 0.000000 -0.035825 0.998530 0.040682 10.052400 0.081611 -0.037649 0.995953 -1.105100 0.000000 0.000000 0.000000 1.000000
0.996031 0.039988 -0.079518 0.000000 -0.036709 0.998431 0.042280 10.052400 0.081084 -0.039193 0.995936 -1.105100 0.000000 0.000000 0.000000 1.000000
0.996109 0.040613 -0.078217 -0.000000 -0.037258 0.998342 0.043878 10.052400 0.079870 -0.040793 0.995970 -1.105100 0.000000 0.000000 0.000000 1.000000
0.996256 0.041838 -0.075658 -0.000000 -0.038557 0.998273 0.044314 10.052400 0.077381 -0.041231 0.996149 -1.105100 0.000000 0.000000 0.000000 1.000000
0.996438 0.044118 -0.071869 0.000000 -0.041072 0.998217 0.043323 10.052400 0.073653 -0.040217 0.996473 -1.105100 0.000000 0.000000 0.000000 1.000000
0.996574 0.046490 -0.068401 -0.000000 -0.043639 0.998139 0.042595 10.052400 0.070254 -0.039465 0.996748 -1.105100 0.000000 0.000000 0.000000 1.000000
0.996654 0.048034 -0.066135 0.000000 -0.045186 0.998013 0.043914 10.052400 0.068113 -0.040778 0.996844 -1.105100 0.000000 0.000000 0.000000 1.000000
0.996772 0.048713 -0.063823 -0.000000 -0.045756 0.997847 0.046994 10.052400 0.065975 -0.043922 0.996854 -1.105100 0.000000 0.000000 0.000000 1.000000
0.997022 0.048479 -0.059975 0.000000 -0.045473 0.997688 0.050512 10.052400 0.062285 -0.047634 0.996921 -1.105100 0.000000 0.000000 0.000000 1.000000
0.997399 0.046853 -0.054766 0.000000 -0.043898 0.997578 0.053956 10.052400 0.057162 -0.051412 0.997040 -1.105100 0.000000 0.000000 0.000000 1.000000
0.997832 0.043587 -0.049311 -0.000000 -0.040734 0.997516 0.057469 10.052400 0.051693 -0.055336 0.997129 -1.105100 0.000000 0.000000 0.000000 1.000000
0.998253 0.039283 -0.044125 0.000000 -0.036566 0.997481 0.060792 10.052400 0.046401 -0.059072 0.997175 -1.105100 0.000000 0.000000 0.000000 1.000000
0.998630 0.034856 -0.039026 -0.000000 -0.032335 0.997461 0.063453 10.052400 0.041139 -0.062104 0.997221 -1.105100 0.000000 0.000000 0.000000 1.000000
0.998952 0.030751 -0.033893 0.000000 -0.028485 0.997450 0.065441 10.052400 0.035819 -0.064407 0.997281 -1.105100 0.000000 0.000000 0.000000 1.000000
0.999217 0.026999 -0.028914 0.000000 -0.025012 0.997439 0.067004 10.052400 0.030649 -0.066229 0.997334 -1.105100 0.000000 0.000000 0.000000 1.000000
0.999427 0.023549 -0.024333 -0.000000 -0.021840 0.997430 0.068244 10.052400 0.025878 -0.067673 0.997372 -1.105100 0.000000 0.000000 0.000000 1.000000
0.999588 0.020309 -0.020299 -0.000000 -0.018859 0.997423 0.069228 10.052400 0.021653 -0.068817 0.997394 -1.105100 0.000000 0.000000 0.000000 1.000000
0.999708 0.017235 -0.016912 0.000000 -0.016011 0.997416 0.070039 10.052400 0.018075 -0.069748 0.997401 -1.105100 0.000000 0.000000 0.000000 1.000000
0.999795 0.014504 -0.014125 -0.000000 -0.013472 0.997416 0.070571 10.052400 0.015112 -0.070366 0.997407 -1.105100 0.000000 0.000000 0.000000 1.000000
0.999857 0.012254 -0.011645 -0.000000 -0.011402 0.997438 0.070619 10.052400 0.012480 -0.070476 0.997435 -1.105100 0.000000 0.000000 0.000000 1.000000
0.999903 0.010394 -0.009293 -0.000000 -0.009717 0.997487 0.070182 10.052400 0.009999 -0.070085 0.997491 -1.105100 0.000000 0.000000 0.000000 1.000000
0.999934 0.008895 -0.007247 0.000000 -0.008370 0.997547 0.069495 10.052400 0.007847 -0.069430 0.997556 -1.105100 0.000000 0.000000 0.000000 1.000000
0.999954 0.007782 -0.005569 0.000000 -0.007380 0.997601 0.068833 10.052400 0.006091 -0.068789 0.997613 -1.105100 0.000000 0.000000 0.000000 1.000000
0.999968 0.006898 -0.004004 0.000000 -0.006608 0.997635 0.068411 10.052400 0.004466 -0.068382 0.997649 -1.105100 0.000000 0.000000 0.000000 1.000000
0.999979 0.006040 -0.002439 0.000000 -0.005859 0.997647 0.068309 10.052400 0.002845 -0.068293 0.997661 -1.105100 0.000000 0.000000 0.000000 1.000000
0.999986 0.005202 -0.001079 0.000000 -0.005116 0.997645 0.068402 10.052400 0.001432 -0.068396 0.997657 -1.105100 0.000000 0.000000 0.000000 1.000000
0.999990 0.004470 -0.000132 0.000000 -0.004451 0.997641 0.068501 10.052400 0.000438 -0.068500 0.997651 -1.105100 0.000000 0.000000 0.000000 1.000000
0.999993 0.003820 0.000381 0.000000 -0.003837 0.997641 0.068540 10.052400 -0.000118 -0.068541 0.997648 -1.105100 0.000000 0.000000 0.000000 1.000000
0.999995 0.003195 0.000626 0.000000 -0.003230 0.997644 0.068523 10.052400 -0.000405 -0.068525 0.997649 -1.105100 0.000000 0.000000 0.000000 1.000000
0.999996 0.002657 0.000870 0.000000 -0.002710 0.997655 0.068387 10.052400 -0.000686 -0.068389 0.997658 -1.105100 0.000000 0.000000 0.000000 1.000000
0.999997 0.002268 0.001276 0.000000 -0.002350 0.997682 0.068009 10.052400 -0.001119 -0.068011 0.997684 -1.105100 0.000000 0.000000 0.000000 1.000000
0.999997 0.001938 0.001731 0.000000 -0.002050 0.997730 0.067311 10.052400 -0.001596 -0.067314 0.997731 -1.105100 0.000000 0.000000 0.000000 1.000000
0.999997 0.001497 0.001947 0.000000 -0.001623 0.997789 0.066436 10.052400 -0.001843 -0.066439 0.997789 -1.105100 0.000000 0.000000 0.000000 1.000000
0.999998 0.000893 0.001835 0.000000 -0.001011 0.997840 0.065688 10.052400 -0.001772 -0.065690 0.997839 -1.105100 0.000000 0.000000 0.000000 1.000000
0.999998 0.000897 0.001837 0.000000 -0.001016 0.997840 0.065688 10.052400 -0.001774 -0.065689 0.997839 -1.105100 0.000000 0.000000 0.000000 1.000000
0.999998 0.000902 0.001839 0.000000 -0.001021 0.997840 0.065687 10.052400 -0.001776 -0.065689 0.997839 -1.105100 0.000000 0.000000 0.000000 1.000000
0.999998 0.000906 0.001841 0.000000 -0.001025 0.997840 0.065688 10.052400 -0.001777 -0.065689 0.997839 -1.105100 0.000000 0.000000 0.000000 1.000000
0.999998 0.000909 0.001842 -0.000000 -0.001028 0.997840 0.065688 10.052400 -0.001778 -0.065689 0.997839 -1.105100 0.000000 0.000000 0.000000 1.000000
0.999998 0.000910 0.001842 0.000000 -0.001029 0.997840 0.065687 10.052400 -0.001778 -0.065689 0.997839 -1.105100 0.000000 0.000000 0.000000 1.000000</float_array>
        <technique_common>
          <accessor source="#mixamorig12_Spine-Matrix-animation-output-transform-array" count="61" stride="16">
            <param type="float4x4"/>
          </accessor>
        </technique_common>
      </source>
      <source id="mixamorig12_Spine-Interpolations">
        <Name_array id="mixamorig12_Spine-Interpolations-array" count="61">
 LINEAR LINEAR LINEAR LINEAR LINEAR LINEAR LINEAR LINEAR LINEAR LINEAR LINEAR
LINEAR LINEAR LINEAR LINEAR LINEAR LINEAR LINEAR LINEAR LINEAR LINEAR LINEAR LINEAR
LINEAR LINEAR LINEAR LINEAR LINEAR LINEAR LINEAR LINEAR LINEAR LINEAR LINEAR LINEAR
LINEAR LINEAR LINEAR LINEAR LINEAR LINEAR LINEAR LINEAR LINEAR LINEAR LINEAR LINEAR
LINEAR LINEAR LINEAR LINEAR LINEAR LINEAR LINEAR LINEAR LINEAR LINEAR LINEAR LINEAR
LINEAR LINEAR</Name_array>
        <technique_common>
          <accessor source="#mixamorig12_Spine-Interpolations-array" count="61">
            <param type="name"/>
          </accessor>
        </technique_common>
      </source>
      <sampler id="mixamorig12_Spine-Matrix-animation-transform">
        <input semantic="INPUT" source="#mixamorig12_Spine-Matrix-animation-input"/>
        <input semantic="OUTPUT" source="#mixamorig12_Spine-Matrix-animation-output-transform"/>
        <input semantic="INTERPOLATION" source="#mixamorig12_Spine-Interpolations"/>
      </sampler>
      <channel source="#mixamorig12_Spine-Matrix-animation-transform" target="mixamorig12_Spine/matrix"/>
    </animation>
    <animation id="mixamorig12_Spine1-anim" name="mixamorig12_Spine1">
      <source id="mixamorig12_Spine1-Matrix-animation-input">
        <float_array id="mixamorig12_Spine1-Matrix-animation-input-array" count="61">

0.000000 0.033333 0.066667 0.100000 0.133333 0.166667 0.200000 0.233333 0.266667 0.300000 0.333333 0.366667 0.400000 0.433333 0.466667 0.500000
0.533333 0.566667 0.600000 0.633333 0.666667 0.700000 0.733333 0.766667 0.800000 0.833333 0.866667 0.900000 0.933333 0.966667 1.000000 1.033333
1.066667 1.100000 1.133333 1.166667 1.200000 1.233333 1.266667 1.300000 1.333333 1.366667 1.400000 1.433333 1.466667 1.500000 1.533333 1.566667
1.600000 1.633333 1.666667 1.700000 1.733333 1.766667 1.800000 1.833333 1.866667 1.900000 1.933333 1.966667 2.000000</float_array>
        <technique_common>
          <accessor source="#mixamorig12_Spine1-Matrix-animation-input-array" count="61">
            <param name="TIME" type="float"/>
          </accessor>
        </technique_common>
      </source>
      <source id="mixamorig12_Spine1-Matrix-animation-output-transform">
        <float_array id="mixamorig12_Spine1-Matrix-animation-output-transform-array" count="976">

0.999873 0.013170 -0.008921 0.000000 -0.013931 0.995716 -0.091414 11.798400 0.007679 0.091526 0.995773 0.000000 0.000000 0.000000 0.000000 1.000000
0.999889 0.012507 -0.008044 0.000000 -0.013185 0.995788 -0.090736 11.798400 0.006875 0.090832 0.995842 -0.000000 0.000000 0.000000 0.000000 1.000000
0.999892 0.012232 -0.008130 -0.000000 -0.012911 0.995898 -0.089554 11.798400 0.007001 0.089649 0.995949 -0.000000 0.000000 0.000000 0.000000 1.000000
0.999860 0.013017 -0.010534 0.000000 -0.013900 0.995960 -0.088712 11.798400 0.009337 0.088846 0.996002 -0.000000 0.000000 0.000000 0.000000 1.000000
0.999763 0.015052 -0.015752 -0.000000 -0.016398 0.995889 -0.089086 11.798400 0.014347 0.089323 0.995899 0.000000 0.000000 0.000000 0.000000 1.000000
0.999567 0.017955 -0.023291 -0.000000 -0.020006 0.995648 -0.091024 11.798400 0.021555 0.091450 0.995576 0.000000 0.000000 0.000000 0.000000 1.000000
0.999254 0.021243 -0.032241 0.000000 -0.024201 0.995249 -0.094302 11.798400 0.030085 0.095012 0.995021 -0.000000 0.000000 0.000000 0.000000 1.000000
0.998813 0.024639 -0.042018 0.000000 -0.028680 0.994727 -0.098471 11.798400 0.039370 0.099559 0.994252 -0.000000 0.000000 0.000000 0.000000 1.000000
0.998213 0.027980 -0.052807 0.000000 -0.033329 0.994093 -0.103288 11.798400 0.049605 0.104864 0.993249 -0.000000 0.000000 0.000000 0.000000 1.000000
0.997391 0.031280 -0.065063 -0.000000 -0.038247 0.993334 -0.108744 11.798400 0.061228 0.110949 0.991938 -0.000000 0.000000 0.000000 0.000000 1.000000
0.996300 0.034771 -0.078592 0.000000 -0.043684 0.992440 -0.114695 11.798400 0.074010 0.117703 0.990287 0.000000 0.000000 0.000000 0.000000 1.000000
0.994988 0.038379 -0.092337 0.000000 -0.049423 0.991487 -0.120462 11.798400 0.086928 0.124422 0.988414 0.000000 0.000000 0.000000 0.000000 1.000000
0.993611 0.041478 -0.104963 -0.000000 -0.054541 0.990680 -0.124815 11.798400 0.098808 0.129742 0.986612 0.000000 0.000000 0.000000 0.000000 1.000000
0.992305 0.043778 -0.115820 -0.000000 -0.058503 0.990181 -0.126962 11.798400 0.109124 0.132761 0.985123 0.000000 0.000000 0.000000 0.000000 1.000000
0.991013 0.046134 -0.125559 0.000000 -0.062272 0.989842 -0.127806 11.798400 0.118388 0.134476 0.983819 0.000000 0.000000 0.000000 0.000000 1.000000
0.989566 0.049762 -0.135215 0.000000 -0.067414 0.989314 -0.129279 11.798400 0.127337 0.137045 0.982346 0.000000 0.000000 0.000000 0.000000 1.000000
0.988029 0.054562 -0.144297 0.000000 -0.073873 0.988486 -0.132052 11.798400 0.135431 0.141130 0.980684 -0.000000 0.000000 0.000000 0.000000 1.000000
0.986806 0.058856 -0.150829 -0.000000 -0.079523 0.987666 -0.134876 11.798400 0.141030 0.145091 0.979316 0.000000 0.000000 0.000000 0.000000 1.000000
0.986138 0.061278 -0.154195 -0.000000 -0.082674 0.987195 -0.136419 11.798400 0.143862 0.147276 0.978577 -0.000000 0.000000 0.000000 0.000000 1.000000
0.985706 0.062391 -0.156495 0.000000 -0.084164 0.987044 -0.136605 11.798400 0.145944 0.147824 0.978186 -0.000000 0.000000 0.000000 0.000000 1.000000
0.985121 0.063881 -0.159548 -0.000000 -0.086033 0.986961 -0.136040 11.798400 0.148777 0.147742 0.977772 0.000000 0.000000 0.000000 0.000000 1.000000
0.984499 0.066593 -0.162259 -0.000000 -0.088990 0.986852 -0.134925 11.798400 0.151140 0.147273 0.977480 -0.000000 0.000000 0.000000 0.000000 1.000000
0.984178 0.069843 -0.162837 0.000000 -0.092013 0.986857 -0.132843 11.798400 0.151419 0.145724 0.977669 0.000000 0.000000 0.000000 0.000000 1.000000
0.984210 0.072321 -0.161556 0.000000 -0.093810 0.987117 -0.129615 11.798400 0.150101 0.142724 0.978315 0.000000 0.000000 0.000000 0.000000 1.000000
0.984512 0.074020 -0.158927 0.000000 -0.094657 0.987443 -0.126477 11.798400 0.147570 0.139562 0.979156 0.000000 0.000000 0.000000 0.000000 1.000000
0.985108 0.076603 -0.153927 0.000000 -0.096421 0.987371 -0.125708 11.798400 0.142354 0.138678 0.980053 0.000000 0.000000 0.000000 0.000000 1.000000
0.985872 0.080892 -0.146671 0.000000 -0.099978 0.986747 -0.127806 11.798400 0.134389 0.140664 0.980894 -0.000000 0.000000 0.000000 0.000000 1.000000
0.986461 0.085294 -0.140067 0.000000 -0.103637 0.986166 -0.129366 11.798400 0.127095 0.142131 0.981655 -0.000000 0.000000 0.000000 0.000000 1.000000
0.986808 0.088342 -0.135664 0.000000 -0.105732 0.986272 -0.126840 11.798400 0.122596 0.139511 0.982602 0.000000 0.000000 0.000000 0.000000 1.000000
0.987292 0.089971 -0.130997 0.000000 -0.105982 0.986994 -0.120875 11.798400 0.118418 0.133223 0.983986 -0.000000 0.000000 0.000000 0.000000 1.000000
0.988300 0.089894 -0.123212 -0.000000 -0.104103 0.987988 -0.114200 11.798400 0.111466 0.125690 0.985788 -0.000000 0.000000 0.000000 0.000000 1.000000
0.989812 0.087071 -0.112656 -0.000000 -0.099289 0.989200 -0.107821 11.798400 0.102051 0.117908 0.987767 0.000000 0.000000 0.000000 0.000000 1.000000
0.991529 0.081048 -0.101498 0.000000 -0.091351 0.990647 -0.101357 11.798400 0.092334 0.109770 0.989659 -0.000000 0.000000 0.000000 0.000000 1.000000
0.993191 0.072966 -0.090819 0.000000 -0.081595 0.992105 -0.095239 11.798400 0.083153 0.102001 0.991303 0.000000 0.000000 0.000000 0.000000 1.000000
0.994675 0.064532 -0.080355 0.000000 -0.071745 0.993320 -0.090375 11.798400 0.073986 0.095659 0.992661 0.000000 0.000000 0.000000 0.000000 1.000000
0.995948 0.056597 -0.069883 0.000000 -0.062591 0.994259 -0.086783 11.798400 0.064570 0.090806 0.993773 -0.000000 0.000000 0.000000 0.000000 1.000000
0.996996 0.049263 -0.059765 0.000000 -0.054198 0.994993 -0.083969 11.798400 0.055329 0.086956 0.994675 0.000000 0.000000 0.000000 0.000000 1.000000
0.997822 0.042472 -0.050470 0.000000 -0.046510 0.995569 -0.081731 11.798400 0.046775 0.083901 0.995376 -0.000000 0.000000 0.000000 0.000000 1.000000
0.998455 0.036066 -0.042282 0.000000 -0.039364 0.996022 -0.079944 11.798400 0.039231 0.081485 0.995902 0.000000 0.000000 0.000000 0.000000 1.000000
0.998924 0.029981 -0.035392 -0.000000 -0.032684 0.996382 -0.078454 11.798400 0.032911 0.079526 0.996289 0.000000 0.000000 0.000000 0.000000 1.000000
0.999257 0.024541 -0.029720 -0.000000 -0.026781 0.996634 -0.077481 11.798400 0.027718 0.078219 0.996551 -0.000000 0.000000 0.000000 0.000000 1.000000
0.999495 0.019990 -0.024697 -0.000000 -0.021849 0.996757 -0.077448 11.798400 0.023069 0.077949 0.996690 0.000000 0.000000 0.000000 0.000000 1.000000
0.999670 0.016162 -0.019965 0.000000 -0.017680 0.996768 -0.078366 11.798400 0.018634 0.078693 0.996725 -0.000000 0.000000 0.000000 0.000000 1.000000
0.999789 0.013014 -0.015864 -0.000000 -0.014239 0.996712 -0.079767 11.798400 0.014773 0.079976 0.996687 0.000000 0.000000 0.000000 0.000000 1.000000
0.999866 0.010590 -0.012518 0.000000 -0.011572 0.996638 -0.081106 11.798400 0.011617 0.081240 0.996627 0.000000 0.000000 0.000000 0.000000 1.000000
0.999919 0.008610 -0.009411 -0.000000 -0.009352 0.996592 -0.081958 11.798400 0.008673 0.082040 0.996591 0.000000 0.000000 0.000000 0.000000 1.000000
0.999957 0.006744 -0.006289 0.000000 -0.007238 0.996592 -0.082167 11.798400 0.005713 0.082209 0.996599 0.000000 0.000000 0.000000 0.000000 1.000000
0.999981 0.005027 -0.003553 0.000000 -0.005302 0.996620 -0.081980 11.798400 0.003129 0.081997 0.996628 0.000000 0.000000 0.000000 0.000000 1.000000
0.999992 0.003584 -0.001634 0.000000 -0.003706 0.996643 -0.081781 11.798400 0.001335 0.081786 0.996649 0.000000 0.000000 0.000000 0.000000 1.000000
0.999997 0.002292 -0.000588 0.000000 -0.002333 0.996654 -0.081701 11.798400 0.000399 0.081703 0.996657 0.000000 0.000000 0.000000 0.000000 1.000000
0.999999 0.001028 -0.000087 0.000000 -0.001032 0.996654 -0.081734 11.798400 0.000002 0.081734 0.996654 -0.000000 0.000000 0.000000 0.000000 1.000000
1.000000 -0.000053 0.000410 -0.000000 0.000087 0.996632 -0.082005 11.798400 -0.000404 0.082005 0.996632 -0.000000 0.000000 0.000000 0.000000 1.000000
0.999999 -0.000816 0.001227 0.000000 0.000914 0.996569 -0.082758 11.798400 -0.001156 0.082759 0.996569 0.000000 0.000000 0.000000 0.000000 1.000000
0.999997 -0.001445 0.002150 0.000000 0.001621 0.996452 -0.084149 11.798400 -0.002021 0.084153 0.996451 0.000000 0.000000 0.000000 0.000000 1.000000
0.999994 -0.002299 0.002602 0.000000 0.002514 0.996301 -0.085894 11.798400 -0.002395 0.085900 0.996301 0.000000 0.000000 0.000000 0.000000 1.000000
0.999991 -0.003490 0.002407 0.000000 0.003687 0.996168 -0.087388 11.798400 -0.002093 0.087396 0.996171 -0.000000 0.000000 0.000000 0.000000 1.000000
0.999991 -0.003491 0.002407 -0.000000 0.003688 0.996167 -0.087389 11.798400 -0.002093 0.087397 0.996171 -0.000000 0.000000 0.000000 0.000000 1.000000
0.999991 -0.003491 0.002407 0.000000 0.003688 0.996167 -0.087389 11.798400 -0.002093 0.087397 0.996171 0.000000 0.000000 0.000000 0.000000 1.000000
0.999991 -0.003491 0.002407 0.000000 0.003688 0.996167 -0.087389 11.798400 -0.002093 0.087397 0.996171 -0.000000 0.000000 0.000000 0.000000 1.000000
0.999991 -0.003491 0.002407 0.000000 0.003688 0.996167 -0.087389 11.798400 -0.002093 0.087397 0.996171 -0.000000 0.000000 0.000000 0.000000 1.000000
0.999991 -0.003491 0.002407 -0.000000 0.003688 0.996167 -0.087390 11.798400 -0.002093 0.087398 0.996171 -0.000000 0.000000 0.000000 0.000000 1.000000</float_array>
        <technique_common>
          <accessor source="#mixamorig12_Spine1-Matrix-animation-output-transform-array" count="61" stride="16">
            <param type="float4x4"/>
          </accessor>
        </technique_common>
      </source>
      <source id="mixamorig12_Spine1-Interpolations">
        <Name_array id="mixamorig12_Spine1-Interpolations-array" count="61">
 LINEAR LINEAR LINEAR LINEAR LINEAR LINEAR LINEAR LINEAR LINEAR LINEAR LINEAR
LINEAR LINEAR LINEAR LINEAR LINEAR LINEAR LINEAR LINEAR LINEAR LINEAR LINEAR LINEAR
LINEAR LINEAR LINEAR LINEAR LINEAR LINEAR LINEAR LINEAR LINEAR LINEAR LINEAR LINEAR
LINEAR LINEAR LINEAR LINEAR LINEAR LINEAR LINEAR LINEAR LINEAR LINEAR LINEAR LINEAR
LINEAR LINEAR LINEAR LINEAR LINEAR LINEAR LINEAR LINEAR LINEAR LINEAR LINEAR LINEAR
LINEAR LINEAR</Name_array>
        <technique_common>
          <accessor source="#mixamorig12_Spine1-Interpolations-array" count="61">
            <param type="name"/>
          </accessor>
        </technique_common>
      </source>
      <sampler id="mixamorig12_Spine1-Matrix-animation-transform">
        <input semantic="INPUT" source="#mixamorig12_Spine1-Matrix-animation-input"/>
        <input semantic="OUTPUT" source="#mixamorig12_Spine1-Matrix-animation-output-transform"/>
        <input semantic="INTERPOLATION" source="#mixamorig12_Spine1-Interpolations"/>
      </sampler>
      <channel source="#mixamorig12_Spine1-Matrix-animation-transform" target="mixamorig12_Spine1/matrix"/>
    </animation>
    <animation id="mixamorig12_Spine2-anim" name="mixamorig12_Spine2">
      <source id="mixamorig12_Spine2-Matrix-animation-input">
        <float_array id="mixamorig12_Spine2-Matrix-animation-input-array" count="61">

0.000000 0.033333 0.066667 0.100000 0.133333 0.166667 0.200000 0.233333 0.266667 0.300000 0.333333 0.366667 0.400000 0.433333 0.466667 0.500000
0.533333 0.566667 0.600000 0.633333 0.666667 0.700000 0.733333 0.766667 0.800000 0.833333 0.866667 0.900000 0.933333 0.966667 1.000000 1.033333
1.066667 1.100000 1.133333 1.166667 1.200000 1.233333 1.266667 1.300000 1.333333 1.366667 1.400000 1.433333 1.466667 1.500000 1.533333 1.566667
1.600000 1.633333 1.666667 1.700000 1.733333 1.766667 1.800000 1.833333 1.866667 1.900000 1.933333 1.966667 2.000000</float_array>
        <technique_common>
          <accessor source="#mixamorig12_Spine2-Matrix-animation-input-array" count="61">
            <param name="TIME" type="float"/>
          </accessor>
        </technique_common>
      </source>
      <source id="mixamorig12_Spine2-Matrix-animation-output-transform">
        <float_array id="mixamorig12_Spine2-Matrix-animation-output-transform-array" count="976">

0.999873 0.013170 -0.008921 0.000000 -0.013931 0.995716 -0.091414 13.483900 0.007679 0.091526 0.995773 -0.000000 0.000000 0.000000 0.000000 1.000000
0.999889 0.012507 -0.008044 0.000000 -0.013185 0.995788 -0.090736 13.483900 0.006875 0.090832 0.995842 0.000000 0.000000 0.000000 0.000000 1.000000
0.999892 0.012232 -0.008130 -0.000000 -0.012911 0.995898 -0.089554 13.483900 0.007001 0.089649 0.995949 -0.000000 0.000000 0.000000 0.000000 1.000000
0.999860 0.013017 -0.010534 0.000000 -0.013900 0.995960 -0.088712 13.483900 0.009337 0.088846 0.996002 0.000000 0.000000 0.000000 0.000000 1.000000
0.999763 0.015052 -0.015752 -0.000000 -0.016398 0.995889 -0.089086 13.483900 0.014347 0.089323 0.995899 0.000000 0.000000 0.000000 0.000000 1.000000
0.999567 0.017955 -0.023291 0.000000 -0.020006 0.995648 -0.091024 13.483900 0.021555 0.091450 0.995576 -0.000000 0.000000 0.000000 0.000000 1.000000
0.999254 0.021243 -0.032241 -0.000000 -0.024201 0.995249 -0.094302 13.483900 0.030085 0.095012 0.995021 0.000000 0.000000 0.000000 0.000000 1.000000
0.998813 0.024639 -0.042018 0.000000 -0.028680 0.994727 -0.098471 13.483900 0.039370 0.099559 0.994252 -0.000000 0.000000 0.000000 0.000000 1.000000
0.998213 0.027980 -0.052807 0.000000 -0.033329 0.994093 -0.103288 13.483900 0.049605 0.104864 0.993249 -0.000000 0.000000 0.000000 0.000000 1.000000
0.997391 0.031280 -0.065063 -0.000000 -0.038247 0.993334 -0.108744 13.483900 0.061228 0.110949 0.991938 0.000000 0.000000 0.000000 0.000000 1.000000
0.996300 0.034771 -0.078592 0.000000 -0.043684 0.992440 -0.114695 13.483900 0.074010 0.117704 0.990287 -0.000000 0.000000 0.000000 0.000000 1.000000
0.994988 0.038379 -0.092337 0.000000 -0.049423 0.991487 -0.120462 13.483900 0.086928 0.124422 0.988414 0.000000 0.000000 0.000000 0.000000 1.000000
0.993611 0.041478 -0.104963 0.000000 -0.054541 0.990680 -0.124815 13.483900 0.098808 0.129742 0.986612 0.000000 0.000000 0.000000 0.000000 1.000000
0.992305 0.043778 -0.115820 0.000000 -0.058503 0.990181 -0.126962 13.483900 0.109125 0.132761 0.985123 0.000000 0.000000 0.000000 0.000000 1.000000
0.991013 0.046134 -0.125559 0.000000 -0.062272 0.989842 -0.127806 13.483900 0.118388 0.134476 0.983819 0.000000 0.000000 0.000000 0.000000 1.000000
0.989566 0.049762 -0.135215 0.000000 -0.067414 0.989314 -0.129279 13.483900 0.127337 0.137045 0.982346 0.000000 0.000000 0.000000 0.000000 1.000000
0.988029 0.054562 -0.144297 0.000000 -0.073873 0.988486 -0.132051 13.483900 0.135430 0.141130 0.980684 0.000000 0.000000 0.000000 0.000000 1.000000
0.986806 0.058856 -0.150828 0.000000 -0.079523 0.987666 -0.134876 13.483900 0.141030 0.145091 0.979316 -0.000000 0.000000 0.000000 0.000000 1.000000
0.986138 0.061278 -0.154195 0.000000 -0.082674 0.987195 -0.136419 13.483900 0.143862 0.147276 0.978577 0.000000 0.000000 0.000000 0.000000 1.000000
0.985706 0.062391 -0.156494 0.000000 -0.084164 0.987044 -0.136605 13.483900 0.145944 0.147824 0.978186 -0.000000 0.000000 0.000000 0.000000 1.000000
