<?xml version="1.0" encoding="utf-8"?>
<COLLADA xmlns="http://www.collada.org/2005/11/COLLADASchema" version="1.4.1">
  <asset>
    <contributor>
      <author>Mixamo</author>
      <authoring_tool>COLLADA Mixamo exporter</authoring_tool>
      <comments/>
    </contributor>
    <created>2025-06-01T08:34:48Z</created>
    <modified>2025-06-01T08:34:48Z</modified>
    <revision/>
    <title/>
    <unit meter="0.010000"/>
    <up_axis>Y_UP</up_axis>
  </asset>
  <library_animations>
    <animation id="mixamorig12_Hips-anim" name="mixamorig12_Hips">
      <source id="mixamorig12_Hips-Matrix-animation-input">
        <float_array id="mixamorig12_Hips-Matrix-animation-input-array" count="53">

0.000000 0.033333 0.066667 0.100000 0.133333 0.166667 0.200000 0.233333 0.266667 0.300000 0.333333 0.366667 0.400000 0.433333 0.466667 0.500000
0.533333 0.566667 0.600000 0.633333 0.666667 0.700000 0.733333 0.766667 0.800000 0.833333 0.866667 0.900000 0.933333 0.966667 1.000000 1.033333
1.066667 1.100000 1.133333 1.166667 1.200000 1.233333 1.266667 1.300000 1.333333 1.366667 1.400000 1.433333 1.466667 1.500000 1.533333 1.566667
1.600000 1.633333 1.666667 1.700000 1.733333</float_array>
        <technique_common>
          <accessor source="#mixamorig12_Hips-Matrix-animation-input-array" count="53">
            <param name="TIME" type="float"/>
          </accessor>
        </technique_common>
      </source>
      <source id="mixamorig12_Hips-Matrix-animation-output-transform">
        <float_array id="mixamorig12_Hips-Matrix-animation-output-transform-array" count="848">

0.987699 -0.037814 -0.151726 1.748986 -0.004376 0.963254 -0.268556 79.152153 0.156306 0.265916 0.951240 -10.053480 0.000000 0.000000 0.000000 1.000000
0.989869 -0.042673 -0.135416 1.490348 0.011654 0.974967 -0.222044 84.951408 0.141502 0.218216 0.965587 -7.518130 0.000000 0.000000 0.000000 1.000000
0.990503 -0.035702 -0.132778 1.387180 0.014683 0.987643 -0.156032 92.307068 0.136708 0.152601 0.978787 -4.475467 0.000000 0.000000 0.000000 1.000000
0.989838 -0.015965 -0.141302 1.382431 0.001403 0.994726 -0.102557 101.048752 0.142194 0.101317 0.984640 -1.323006 0.000000 0.000000 0.000000 1.000000
0.989417 -0.007849 -0.144886 1.344730 -0.006790 0.994937 -0.100270 109.573051 0.144939 0.100193 0.984355 1.133764 0.000000 0.000000 0.000000 1.000000
0.991266 -0.011744 -0.131356 1.416813 -0.008369 0.988418 -0.151528 117.721642 0.131615 0.151304 0.979686 1.877351 0.000000 0.000000 0.000000 1.000000
0.993760 -0.022881 -0.109172 1.616331 -0.001578 0.975753 -0.218868 125.099228 0.111533 0.217674 0.969628 0.716285 0.000000 0.000000 0.000000 1.000000
0.996049 -0.032065 -0.082813 1.808623 0.008139 0.961573 -0.274428 130.926865 0.088430 0.272669 0.958035 -1.613732 0.000000 0.000000 0.000000 1.000000
0.997323 -0.030874 -0.066286 2.010230 0.007650 0.945573 -0.325321 136.032349 0.072722 0.323943 0.943277 -4.191402 0.000000 0.000000 0.000000 1.000000
0.997713 -0.023069 -0.063541 2.311397 -0.003950 0.918468 -0.395476 140.860550 0.067484 0.394823 0.916276 -6.765097 0.000000 0.000000 0.000000 1.000000
0.997480 -0.017368 -0.068789 2.681719 -0.018616 0.871532 -0.489986 144.750702 0.068462 0.490031 0.869012 -9.296644 0.000000 0.000000 0.000000 1.000000
0.997000 -0.014730 -0.075991 3.048634 -0.032283 0.813140 -0.581172 147.019043 0.070352 0.581882 0.810225 -11.705628 0.000000 0.000000 0.000000 1.000000
0.996539 -0.010379 -0.082480 3.258974 -0.044090 0.775147 -0.630241 147.162628 0.070476 0.631696 0.772006 -13.861274 0.000000 0.000000 0.000000 1.000000
0.996903 -0.001136 -0.078628 3.121540 -0.048106 0.782153 -0.621227 144.972534 0.062205 0.623086 0.779676 -15.423905 0.000000 0.000000 0.000000 1.000000
0.998016 0.014440 -0.061281 2.637265 -0.047227 0.815367 -0.577015 140.939774 0.041634 0.578765 0.814431 -16.133101 0.000000 0.000000 0.000000 1.000000
0.998760 0.033211 -0.037084 2.191308 -0.048102 0.835710 -0.547060 136.018768 0.012823 0.548165 0.836272 -16.214733 0.000000 0.000000 0.000000 1.000000
0.998669 0.049257 -0.015292 2.020458 -0.049476 0.831164 -0.553822 130.522934 -0.014570 0.553842 0.832494 -15.550267 0.000000 0.000000 0.000000 1.000000
0.998056 0.061921 -0.007087 2.115262 -0.054918 0.819976 -0.569757 124.122528 -0.029469 0.569039 0.821783 -13.858477 0.000000 0.000000 0.000000 1.000000
0.997352 0.072262 -0.008197 2.450666 -0.064652 0.829366 -0.554952 116.384445 -0.033304 0.554013 0.831842 -11.295160 0.000000 0.000000 0.000000 1.000000
0.997557 0.069809 0.002475 2.793108 -0.059407 0.866475 -0.495673 106.864998 -0.036747 0.494315 0.868506 -8.308096 0.000000 0.000000 0.000000 1.000000
0.998503 0.038290 0.039066 2.736963 -0.018265 0.906548 -0.421708 96.747826 -0.051562 0.420363 0.905890 -6.175267 0.000000 0.000000 0.000000 1.000000
0.995016 0.011758 0.099024 2.299740 0.027652 0.921550 -0.387274 87.887451 -0.095809 0.388082 0.916631 -6.228396 0.000000 0.000000 0.000000 1.000000
0.982021 0.026059 0.186964 1.455778 0.055182 0.907537 -0.416332 80.922310 -0.180526 0.419164 0.889782 -8.654151 0.000000 0.000000 0.000000 1.000000
0.961017 0.053907 0.271184 0.434858 0.085387 0.875001 -0.476532 76.061096 -0.262974 0.481111 0.836288 -11.445187 0.000000 0.000000 0.000000 1.000000
0.946970 0.070258 0.313547 -0.270636 0.115463 0.836222 -0.536098 73.229729 -0.299860 0.543872 0.783765 -13.327162 0.000000 0.000000 0.000000 1.000000
0.947079 0.073836 0.312392 -0.673061 0.131232 0.799083 -0.586724 72.070969 -0.292949 0.596670 0.747105 -14.702645 0.000000 0.000000 0.000000 1.000000
0.955166 0.076980 0.285887 -0.971368 0.125279 0.769815 -0.625851 72.166893 -0.268259 0.633608 0.725657 -15.902641 0.000000 0.000000 0.000000 1.000000
0.963870 0.085075 0.252424 -1.143708 0.104104 0.751948 -0.650950 73.339218 -0.245189 0.653709 0.715923 -16.849731 0.000000 0.000000 0.000000 1.000000
0.970185 0.092059 0.224203 -1.142694 0.081568 0.747072 -0.659719 75.285881 -0.228229 0.658337 0.717289 -17.177485 0.000000 0.000000 0.000000 1.000000
0.973994 0.091660 0.207206 -1.055801 0.067077 0.756870 -0.650115 77.706505 -0.216417 0.647107 0.731038 -16.807966 0.000000 0.000000 0.000000 1.000000
0.976403 0.082667 0.199508 -0.954709 0.060828 0.781153 -0.621369 80.471748 -0.207213 0.618842 0.757692 -16.008160 0.000000 0.000000 0.000000 1.000000
0.979181 0.067233 0.191530 -0.794245 0.056755 0.815242 -0.576333 83.609131 -0.194892 0.575204 0.794454 -15.004675 0.000000 0.000000 0.000000 1.000000
0.983606 0.051048 0.172952 -0.475478 0.047213 0.852741 -0.520196 87.062469 -0.174038 0.519834 0.836351 -13.821774 0.000000 0.000000 0.000000 1.000000
0.989173 0.039875 0.141234 0.077480 0.029261 0.889467 -0.456061 90.326416 -0.143808 0.455256 0.878670 -12.366731 0.000000 0.000000 0.000000 1.000000
0.994233 0.030445 0.102831 0.801131 0.011865 0.921744 -0.387618 93.277138 -0.106585 0.386603 0.916067 -10.663460 0.000000 0.000000 0.000000 1.000000
0.997883 0.018333 0.062398 1.565093 0.002588 0.947493 -0.319767 95.711044 -0.064984 0.319251 0.945439 -8.731403 0.000000 0.000000 0.000000 1.000000
0.999747 0.003569 0.022209 2.287639 0.002296 0.965994 -0.258553 97.450027 -0.022377 0.258539 0.965742 -6.629104 0.000000 0.000000 0.000000 1.000000
0.999831 -0.012288 -0.013678 2.892713 0.009176 0.978091 -0.207973 98.433319 0.015934 0.207813 0.978039 -4.508564 0.000000 0.000000 0.000000 1.000000
0.998714 -0.027102 -0.042856 3.306789 0.019650 0.985992 -0.165632 98.794922 0.046745 0.164577 0.985256 -2.573804 0.000000 0.000000 0.000000 1.000000
0.997086 -0.037459 -0.066450 3.516608 0.028990 0.991843 -0.124126 98.795616 0.070558 0.121838 0.990039 -0.985516 0.000000 0.000000 0.000000 1.000000
0.995432 -0.041720 -0.085875 3.583238 0.034958 0.996278 -0.078797 98.608910 0.088843 0.075435 0.993185 0.210234 0.000000 0.000000 0.000000 1.000000
0.994338 -0.038289 -0.099121 3.560671 0.035157 0.998832 -0.033152 98.493790 0.100274 0.029480 0.994523 1.107771 0.000000 0.000000 0.000000 1.000000
0.994314 -0.030824 -0.101928 3.481370 0.031567 0.999485 0.005685 98.474632 0.101700 -0.008870 0.994776 1.831858 0.000000 0.000000 0.000000 1.000000
0.995336 -0.025193 -0.093122 3.310188 0.028387 0.999047 0.033142 98.477013 0.092199 -0.035631 0.995103 2.395353 0.000000 0.000000 0.000000 1.000000
0.996810 -0.022832 -0.076473 3.011227 0.026653 0.998427 0.049325 98.453529 0.075227 -0.051206 0.995851 2.713349 0.000000 0.000000 0.000000 1.000000
0.998114 -0.021886 -0.057349 2.615329 0.025252 0.997960 0.058644 98.411331 0.055948 -0.059981 0.996630 2.744965 0.000000 0.000000 0.000000 1.000000
0.998974 -0.021324 -0.039955 2.191647 0.023896 0.997596 0.065047 98.342674 0.038471 -0.065935 0.997082 2.544089 0.000000 0.000000 0.000000 1.000000
0.999440 -0.020751 -0.026236 1.768356 0.022492 0.997438 0.067916 98.280251 0.024759 -0.068468 0.997346 2.209388 0.000000 0.000000 0.000000 1.000000
0.999674 -0.020227 -0.015553 1.349259 0.021202 0.997641 0.065287 98.238724 0.014196 -0.065595 0.997745 1.817298 0.000000 0.000000 0.000000 1.000000
0.999790 -0.019770 -0.005444 0.949946 0.020055 0.998092 0.058395 98.221893 0.004279 -0.058492 0.998279 1.410821 0.000000 0.000000 0.000000 1.000000
0.999798 -0.019111 0.006260 0.592530 0.018768 0.998531 0.050833 98.229088 -0.007222 -0.050705 0.998688 1.010735 0.000000 0.000000 0.000000 1.000000
0.999642 -0.017758 0.020037 0.283877 0.016841 0.998843 0.045035 98.251534 -0.020814 -0.044682 0.998784 0.616496 0.000000 0.000000 0.000000 1.000000
0.999276 -0.015522 0.034749 0.021798 0.014089 0.999056 0.041103 98.275375 -0.035354 -0.040584 0.998550 0.211764 0.000000 0.000000 0.000000 1.000000</float_array>
        <technique_common>
          <accessor source="#mixamorig12_Hips-Matrix-animation-output-transform-array" count="53" stride="16">
            <param type="float4x4"/>
          </accessor>
        </technique_common>
      </source>
      <source id="mixamorig12_Hips-Interpolations">
        <Name_array id="mixamorig12_Hips-Interpolations-array" count="53">
 LINEAR LINEAR LINEAR LINEAR LINEAR LINEAR LINEAR LINEAR LINEAR LINEAR LINEAR
LINEAR LINEAR LINEAR LINEAR LINEAR LINEAR LINEAR LINEAR LINEAR LINEAR LINEAR LINEAR
LINEAR LINEAR LINEAR LINEAR LINEAR LINEAR LINEAR LINEAR LINEAR LINEAR LINEAR LINEAR
LINEAR LINEAR LINEAR LINEAR LINEAR LINEAR LINEAR LINEAR LINEAR LINEAR LINEAR LINEAR
LINEAR LINEAR LINEAR LINEAR LINEAR LINEAR</Name_array>
        <technique_common>
          <accessor source="#mixamorig12_Hips-Interpolations-array" count="53">
            <param type="name"/>
          </accessor>
        </technique_common>
      </source>
      <sampler id="mixamorig12_Hips-Matrix-animation-transform">
        <input semantic="INPUT" source="#mixamorig12_Hips-Matrix-animation-input"/>
        <input semantic="OUTPUT" source="#mixamorig12_Hips-Matrix-animation-output-transform"/>
        <input semantic="INTERPOLATION" source="#mixamorig12_Hips-Interpolations"/>
      </sampler>
      <channel source="#mixamorig12_Hips-Matrix-animation-transform" target="mixamorig12_Hips/matrix"/>
    </animation>
    <animation id="mixamorig12_Spine-anim" name="mixamorig12_Spine">
      <source id="mixamorig12_Spine-Matrix-animation-input">
        <float_array id="mixamorig12_Spine-Matrix-animation-input-array" count="53">

0.000000 0.033333 0.066667 0.100000 0.133333 0.166667 0.200000 0.233333 0.266667 0.300000 0.333333 0.366667 0.400000 0.433333 0.466667 0.500000
0.533333 0.566667 0.600000 0.633333 0.666667 0.700000 0.733333 0.766667 0.800000 0.833333 0.866667 0.900000 0.933333 0.966667 1.000000 1.033333
1.066667 1.100000 1.133333 1.166667 1.200000 1.233333 1.266667 1.300000 1.333333 1.366667 1.400000 1.433333 1.466667 1.500000 1.533333 1.566667
1.600000 1.633333 1.666667 1.700000 1.733333</float_array>
        <technique_common>
          <accessor source="#mixamorig12_Spine-Matrix-animation-input-array" count="53">
            <param name="TIME" type="float"/>
          </accessor>
        </technique_common>
      </source>
      <source id="mixamorig12_Spine-Matrix-animation-output-transform">
        <float_array id="mixamorig12_Spine-Matrix-animation-output-transform-array" count="848">

0.994769 0.078084 -0.065863 0.000000 -0.082923 0.993786 -0.074254 10.052400 0.059656 0.079327 0.995062 -1.105100 0.000000 0.000000 0.000000 1.000000
0.994402 0.081810 -0.066868 0.000000 -0.085199 0.995133 -0.049504 10.052400 0.062493 0.054924 0.996533 -1.105100 0.000000 0.000000 0.000000 1.000000
0.995861 0.071872 -0.055639 0.000000 -0.073741 0.996754 -0.032310 10.052400 0.053136 0.036279 0.997928 -1.105100 0.000000 0.000000 0.000000 1.000000
0.998156 0.045232 -0.040477 0.000000 -0.045654 0.998912 -0.009560 10.052400 0.040000 0.011391 0.999135 -1.105100 0.000000 0.000000 0.000000 1.000000
0.999386 0.021556 -0.027628 -0.000000 -0.020868 0.999471 0.024943 10.052400 0.028151 -0.024351 0.999307 -1.105100 0.000000 0.000000 0.000000 1.000000
0.999876 0.002236 -0.015595 -0.000000 -0.001441 0.998709 0.050778 10.052400 0.015689 -0.050749 0.998588 -1.105100 0.000000 0.000000 0.000000 1.000000
0.999997 -0.002583 -0.000147 0.000000 0.002587 0.998967 0.045361 10.052400 0.000030 -0.045361 0.998971 -1.105100 0.000000 0.000000 0.000000 1.000000
0.999963 0.003226 0.007920 0.000000 -0.003302 0.999949 0.009583 10.052400 -0.007888 -0.009608 0.999923 -1.105100 0.000000 0.000000 0.000000 1.000000
0.999879 0.002882 0.015256 0.000000 -0.002278 0.999220 -0.039423 10.052400 -0.015358 0.039383 0.999106 -1.105100 0.000000 0.000000 0.000000 1.000000
0.999640 -0.005112 0.026339 -0.000000 0.007248 0.996638 -0.081615 10.052400 -0.025834 0.081777 0.996316 -1.105100 0.000000 0.000000 0.000000 1.000000
0.999267 -0.011176 0.036603 0.000000 0.014833 0.994754 -0.101217 10.052400 -0.035279 0.101685 0.994191 -1.105100 0.000000 0.000000 0.000000 1.000000
0.998998 -0.012215 0.043054 -0.000000 0.016546 0.994676 -0.101713 10.052400 -0.041582 0.102324 0.993882 -1.105100 0.000000 0.000000 0.000000 1.000000
0.998765 -0.009510 0.048774 0.000000 0.014583 0.994393 -0.104741 10.052400 -0.047504 0.105323 0.993303 -1.105100 0.000000 0.000000 0.000000 1.000000
0.998822 -0.003924 0.048363 -0.000000 0.009903 0.992230 -0.124025 10.052400 -0.047501 0.124358 0.991100 -1.105100 0.000000 0.000000 0.000000 1.000000
0.999165 0.000643 0.040863 -0.000000 0.005267 0.989513 -0.144347 10.052400 -0.040527 0.144441 0.988683 -1.105100 0.000000 0.000000 0.000000 1.000000
0.999477 0.001758 0.032295 -0.000000 0.002648 0.990718 -0.135910 10.052400 -0.032234 0.135924 0.990195 -1.105100 0.000000 0.000000 0.000000 1.000000
0.999617 0.003578 0.027425 0.000000 -0.001077 0.995881 -0.090664 10.052400 -0.027636 0.090600 0.995504 -1.105100 0.000000 0.000000 0.000000 1.000000
0.999335 0.007086 0.035756 0.000000 -0.005898 0.999431 -0.033219 10.052400 -0.035971 0.032986 0.998808 -1.105100 0.000000 0.000000 0.000000 1.000000
0.998577 0.008882 0.052582 -0.000000 -0.009160 0.999945 0.005035 10.052400 -0.052535 -0.005510 0.998604 -1.105100 0.000000 0.000000 0.000000 1.000000
0.998446 0.021909 0.051243 0.000000 -0.022755 0.999613 0.015990 10.052400 -0.050873 -0.017131 0.998558 -1.105100 0.000000 0.000000 0.000000 1.000000
0.997428 0.068963 0.019551 -0.000000 -0.069186 0.997543 0.010982 10.052400 -0.018745 -0.012307 0.999749 -1.105100 0.000000 0.000000 0.000000 1.000000
0.994113 0.107153 -0.016048 0.000000 -0.107178 0.994240 -0.000700 10.052400 0.015880 0.002416 0.999871 -1.105100 0.000000 0.000000 0.000000 1.000000
0.994467 0.095646 -0.043450 0.000000 -0.097078 0.994758 -0.032133 10.052400 0.040149 0.036173 0.998539 -1.105100 0.000000 0.000000 0.000000 1.000000
0.995720 0.072303 -0.057560 0.000000 -0.077296 0.992953 -0.089837 10.052400 0.050658 0.093902 0.994292 -1.105100 0.000000 0.000000 0.000000 1.000000
0.996565 0.060718 -0.056324 0.000000 -0.068727 0.985781 -0.153338 10.052400 0.046213 0.156682 0.986567 -1.105100 0.000000 0.000000 0.000000 1.000000
0.997259 0.060145 -0.043100 0.000000 -0.067483 0.978201 -0.196388 10.052400 0.030349 0.198758 0.979579 -1.105100 0.000000 0.000000 0.000000 1.000000
0.997507 0.065353 -0.026632 0.000000 -0.069531 0.974682 -0.212508 10.052400 0.012070 0.213830 0.976796 -1.105100 0.000000 0.000000 0.000000 1.000000
0.997444 0.069340 -0.017272 -0.000000 -0.071428 0.974552 -0.212477 10.052400 0.002099 0.213168 0.977013 -1.105100 0.000000 0.000000 0.000000 1.000000
0.997476 0.069040 -0.016613 0.000000 -0.070981 0.976184 -0.205004 10.052400 0.002063 0.205666 0.978620 -1.105100 0.000000 0.000000 0.000000 1.000000
0.997631 0.066032 -0.019311 0.000000 -0.068523 0.978788 -0.193075 10.052400 0.006153 0.193941 0.980994 -1.105100 0.000000 0.000000 0.000000 1.000000
0.997779 0.063434 -0.020315 0.000000 -0.066052 0.981632 -0.178983 10.052400 0.008588 0.179928 0.983642 -1.105100 0.000000 0.000000 0.000000 1.000000
0.997818 0.063757 -0.017161 0.000000 -0.065713 0.984242 -0.164161 10.052400 0.006424 0.164931 0.986284 -1.105100 0.000000 0.000000 0.000000 1.000000
0.997837 0.065116 -0.008993 0.000000 -0.065730 0.986877 -0.147492 10.052400 -0.000729 0.147764 0.989022 -1.105100 0.000000 0.000000 0.000000 1.000000
0.998083 0.061848 0.002286 0.000000 -0.061061 0.990065 -0.126657 10.052400 -0.010097 0.126274 0.991944 -1.105100 0.000000 0.000000 0.000000 1.000000
0.998370 0.056125 0.010338 0.000000 -0.054782 0.993274 -0.102011 10.052400 -0.015994 0.101278 0.994730 -1.105100 0.000000 0.000000 0.000000 1.000000
0.998545 0.051963 0.014402 0.000000 -0.050767 0.995991 -0.073652 10.052400 -0.018172 0.072814 0.997180 -1.105100 0.000000 0.000000 0.000000 1.000000
0.998653 0.048707 0.017887 0.000000 -0.047942 0.998010 -0.040966 10.052400 -0.019847 0.040054 0.999000 -1.105100 0.000000 0.000000 0.000000 1.000000
0.998780 0.044297 0.021824 0.000000 -0.044201 0.999011 -0.004856 10.052400 -0.022017 0.003885 0.999750 -1.105100 0.000000 0.000000 0.000000 1.000000
0.998919 0.038171 0.026523 0.000000 -0.038948 0.998808 0.029427 10.052400 -0.025369 -0.030428 0.999215 -1.105100 0.000000 0.000000 0.000000 1.000000
0.998995 0.030802 0.032562 0.000000 -0.032520 0.998032 0.053606 10.052400 -0.030847 -0.054611 0.998031 -1.105100 0.000000 0.000000 0.000000 1.000000
0.998962 0.024218 0.038592 0.000000 -0.026592 0.997706 0.062254 10.052400 -0.036996 -0.063215 0.997314 -1.105100 0.000000 0.000000 0.000000 1.000000
0.999034 0.016243 0.040824 0.000000 -0.018602 0.998139 0.058078 10.052400 -0.039804 -0.058782 0.997477 -1.105100 0.000000 0.000000 0.000000 1.000000
0.999299 0.006175 0.036911 0.000000 -0.008055 0.998666 0.051000 10.052400 -0.036547 -0.051262 0.998016 -1.105100 0.000000 0.000000 0.000000 1.000000
0.999579 -0.002870 0.028886 -0.000000 0.001409 0.998725 0.050459 10.052400 -0.028994 -0.050397 0.998308 -1.105100 0.000000 0.000000 0.000000 1.000000
0.999751 -0.008286 0.020696 0.000000 0.007096 0.998353 0.056934 10.052400 -0.021134 -0.056773 0.998163 -1.105100 0.000000 0.000000 0.000000 1.000000
0.999842 -0.010217 0.014530 0.000000 0.009290 0.998003 0.062488 10.052400 -0.015139 -0.062343 0.997940 -1.105100 0.000000 0.000000 0.000000 1.000000
0.999886 -0.010430 0.010963 0.000000 0.009741 0.998080 0.061170 10.052400 -0.011580 -0.061056 0.998067 -1.105100 0.000000 0.000000 0.000000 1.000000
0.999896 -0.010596 0.009736 0.000000 0.010042 0.998417 0.055343 10.052400 -0.010307 -0.055239 0.998420 -1.105100 0.000000 0.000000 0.000000 1.000000
0.999892 -0.010776 0.010011 0.000000 0.010254 0.998655 0.050824 10.052400 -0.010545 -0.050716 0.998657 -1.105100 0.000000 0.000000 0.000000 1.000000
0.999886 -0.010667 0.010668 0.000000 0.010120 0.998697 0.050027 10.052400 -0.011188 -0.049913 0.998691 -1.105100 0.000000 0.000000 0.000000 1.000000
0.999886 -0.010433 0.010881 -0.000000 0.009863 0.998641 0.051178 10.052400 -0.011400 -0.051065 0.998630 -1.105100 0.000000 0.000000 0.000000 1.000000
0.999892 -0.010476 0.010289 0.000000 0.009929 0.998605 0.051854 10.052400 -0.010817 -0.051747 0.998602 -1.105100 0.000000 0.000000 0.000000 1.000000
0.999896 -0.011062 0.009276 0.000000 0.010572 0.998627 0.051302 10.052400 -0.009830 -0.051199 0.998640 -1.105100 0.000000 0.000000 0.000000 1.000000</float_array>
        <technique_common>
          <accessor source="#mixamorig12_Spine-Matrix-animation-output-transform-array" count="53" stride="16">
            <param type="float4x4"/>
          </accessor>
        </technique_common>
      </source>
      <source id="mixamorig12_Spine-Interpolations">
        <Name_array id="mixamorig12_Spine-Interpolations-array" count="53">
 LINEAR LINEAR LINEAR LINEAR LINEAR LINEAR LINEAR LINEAR LINEAR LINEAR LINEAR
LINEAR LINEAR LINEAR LINEAR LINEAR LINEAR LINEAR LINEAR LINEAR LINEAR LINEAR LINEAR
LINEAR LINEAR LINEAR LINEAR LINEAR LINEAR LINEAR LINEAR LINEAR LINEAR LINEAR LINEAR
LINEAR LINEAR LINEAR LINEAR LINEAR LINEAR LINEAR LINEAR LINEAR LINEAR LINEAR LINEAR
LINEAR LINEAR LINEAR LINEAR LINEAR LINEAR</Name_array>
        <technique_common>
          <accessor source="#mixamorig12_Spine-Interpolations-array" count="53">
            <param type="name"/>
          </accessor>
        </technique_common>
      </source>
      <sampler id="mixamorig12_Spine-Matrix-animation-transform">
        <input semantic="INPUT" source="#mixamorig12_Spine-Matrix-animation-input"/>
        <input semantic="OUTPUT" source="#mixamorig12_Spine-Matrix-animation-output-transform"/>
        <input semantic="INTERPOLATION" source="#mixamorig12_Spine-Interpolations"/>
      </sampler>
      <channel source="#mixamorig12_Spine-Matrix-animation-transform" target="mixamorig12_Spine/matrix"/>
    </animation>
    <animation id="mixamorig12_Spine1-anim" name="mixamorig12_Spine1">
      <source id="mixamorig12_Spine1-Matrix-animation-input">
        <float_array id="mixamorig12_Spine1-Matrix-animation-input-array" count="53">

0.000000 0.033333 0.066667 0.100000 0.133333 0.166667 0.200000 0.233333 0.266667 0.300000 0.333333 0.366667 0.400000 0.433333 0.466667 0.500000
0.533333 0.566667 0.600000 0.633333 0.666667 0.700000 0.733333 0.766667 0.800000 0.833333 0.866667 0.900000 0.933333 0.966667 1.000000 1.033333
1.066667 1.100000 1.133333 1.166667 1.200000 1.233333 1.266667 1.300000 1.333333 1.366667 1.400000 1.433333 1.466667 1.500000 1.533333 1.566667
1.600000 1.633333 1.666667 1.700000 1.733333</float_array>
        <technique_common>
          <accessor source="#mixamorig12_Spine1-Matrix-animation-input-array" count="53">
            <param name="TIME" type="float"/>
          </accessor>
        </technique_common>
      </source>
      <source id="mixamorig12_Spine1-Matrix-animation-output-transform">
        <float_array id="mixamorig12_Spine1-Matrix-animation-output-transform-array" count="848">

0.999518 0.016151 -0.026520 0.000000 -0.018538 0.995553 -0.092365 11.798400 0.024911 0.092812 0.995372 0.000000 0.000000 0.000000 0.000000 1.000000
0.999454 0.015720 -0.029073 0.000000 -0.017998 0.996647 -0.079821 11.798400 0.027721 0.080301 0.996385 0.000000 0.000000 0.000000 0.000000 1.000000
0.999505 0.015234 -0.027541 0.000000 -0.017143 0.997367 -0.070463 11.798400 0.026395 0.070900 0.997134 0.000000 0.000000 0.000000 0.000000 1.000000
0.999671 0.011208 -0.023085 0.000000 -0.012506 0.998304 -0.056858 11.798400 0.022408 0.057128 0.998115 0.000000 0.000000 0.000000 0.000000 1.000000
0.999842 0.003622 -0.017383 0.000000 -0.004232 0.999372 -0.035184 11.798400 0.017245 0.035252 0.999230 -0.000000 0.000000 0.000000 0.000000 1.000000
0.999938 -0.004484 -0.010236 0.000000 0.004311 0.999848 -0.016884 11.798400 0.010310 0.016839 0.999805 0.000000 0.000000 0.000000 0.000000 1.000000
0.999959 -0.008696 -0.002669 0.000000 0.008655 0.999851 -0.014933 11.798400 0.002799 0.014910 0.999885 0.000000 0.000000 0.000000 0.000000 1.000000
0.999947 -0.009578 0.003656 0.000000 0.009684 0.999498 -0.030161 11.798400 -0.003366 0.030195 0.999538 0.000000 0.000000 0.000000 0.000000 1.000000
0.999902 -0.010609 0.009092 -0.000000 0.011092 0.998432 -0.054874 11.798400 -0.008495 0.054970 0.998452 -0.000000 0.000000 0.000000 0.000000 1.000000
0.999820 -0.012664 0.014139 -0.000000 0.013752 0.996723 -0.079715 11.798400 -0.013084 0.079895 0.996717 0.000000 0.000000 0.000000 0.000000 1.000000
0.999718 -0.014507 0.018785 0.000000 0.016240 0.995284 -0.095637 11.798400 -0.017309 0.095915 0.995239 0.000000 0.000000 0.000000 0.000000 1.000000
0.999625 -0.015134 0.022819 0.000000 0.017409 0.994526 -0.103033 11.798400 -0.021135 0.103392 0.994416 0.000000 0.000000 0.000000 0.000000 1.000000
0.999593 -0.014374 0.024639 0.000000 0.017047 0.993565 -0.111976 11.798400 -0.022871 0.112351 0.993405 0.000000 0.000000 0.000000 0.000000 1.000000
0.999667 -0.012461 0.022608 0.000000 0.015253 0.991672 -0.127883 11.798400 -0.020826 0.128186 0.991532 0.000000 0.000000 0.000000 0.000000 1.000000
0.999784 -0.010831 0.017764 -0.000000 0.013244 0.989793 -0.141897 11.798400 -0.016046 0.142101 0.989722 -0.000000 0.000000 0.000000 0.000000 1.000000
0.999870 -0.010834 0.011963 0.000000 0.012394 0.990191 -0.139167 11.798400 -0.010338 0.139297 0.990197 0.000000 0.000000 0.000000 0.000000 1.000000
0.999932 -0.009805 0.006334 -0.000000 0.010469 0.993311 -0.114992 11.798400 -0.005164 0.115050 0.993346 -0.000000 0.000000 0.000000 0.000000 1.000000
0.999984 -0.004862 0.002958 0.000000 0.005086 0.996699 -0.081022 11.798400 -0.002554 0.081036 0.996708 0.000000 0.000000 0.000000 0.000000 1.000000
0.999989 0.002762 0.003782 0.000000 -0.002553 0.998526 -0.054223 11.798400 -0.003927 0.054213 0.998522 0.000000 0.000000 0.000000 0.000000 1.000000
0.999911 0.011103 0.007433 0.000000 -0.010791 0.999109 -0.040792 11.798400 -0.007880 0.040708 0.999140 0.000000 0.000000 0.000000 0.000000 1.000000
0.999758 0.020615 0.007666 0.000000 -0.020292 0.998990 -0.040100 11.798400 -0.008484 0.039935 0.999166 0.000000 0.000000 0.000000 0.000000 1.000000
0.999597 0.028369 -0.001314 -0.000000 -0.028399 0.998340 -0.050098 11.798400 -0.000110 0.050115 0.998743 0.000000 0.000000 0.000000 0.000000 1.000000
0.999461 0.028999 -0.015364 -0.000000 -0.030031 0.996963 -0.071848 11.798400 0.013234 0.072271 0.997297 0.000000 0.000000 0.000000 0.000000 1.000000
0.999466 0.022879 -0.023332 0.000000 -0.025133 0.994526 -0.101418 11.798400 0.020884 0.101950 0.994570 0.000000 0.000000 0.000000 0.000000 1.000000
0.999617 0.017828 -0.021176 0.000000 -0.020435 0.991300 -0.130027 11.798400 0.018673 0.130410 0.991284 -0.000000 0.000000 0.000000 0.000000 1.000000
0.999728 0.018660 -0.014001 0.000000 -0.020550 0.988471 -0.150011 11.798400 0.011041 0.150258 0.988585 0.000000 0.000000 0.000000 0.000000 1.000000
0.999740 0.021864 -0.006464 0.000000 -0.022613 0.987049 -0.158818 11.798400 0.002908 0.158923 0.987287 -0.000000 0.000000 0.000000 0.000000 1.000000
0.999732 0.023092 -0.001600 0.000000 -0.023051 0.986863 -0.159904 11.798400 -0.002114 0.159898 0.987131 -0.000000 0.000000 0.000000 0.000000 1.000000
0.999750 0.022307 -0.001341 0.000000 -0.022244 0.987553 -0.155709 11.798400 -0.002149 0.155700 0.987802 -0.000000 0.000000 0.000000 0.000000 1.000000
0.999770 0.020991 -0.004358 0.000000 -0.021405 0.988812 -0.147625 11.798400 0.001210 0.147685 0.989034 0.000000 0.000000 0.000000 0.000000 1.000000
0.999781 0.019840 -0.006618 -0.000000 -0.020563 0.990229 -0.137930 11.798400 0.003816 0.138036 0.990420 -0.000000 0.000000 0.000000 0.000000 1.000000
0.999805 0.019007 -0.005305 0.000000 -0.019531 0.991531 -0.128392 11.798400 0.002820 0.128471 0.991709 -0.000000 0.000000 0.000000 0.000000 1.000000
0.999836 0.018075 -0.001376 0.000000 -0.018110 0.992754 -0.118792 11.798400 -0.000782 0.118798 0.992918 0.000000 0.000000 0.000000 0.000000 1.000000
0.999864 0.016314 0.002204 -0.000000 -0.015983 0.994082 -0.107451 11.798400 -0.003944 0.107401 0.994208 -0.000000 0.000000 0.000000 0.000000 1.000000
0.999890 0.014270 0.003987 0.000000 -0.013826 0.995362 -0.095200 11.798400 -0.005327 0.095134 0.995450 0.000000 0.000000 0.000000 0.000000 1.000000
0.999909 0.012500 0.005034 -0.000000 -0.012046 0.996582 -0.081729 11.798400 -0.006039 0.081661 0.996642 -0.000000 0.000000 0.000000 0.000000 1.000000
0.999922 0.010662 0.006445 0.000000 -0.010214 0.997767 -0.066001 11.798400 -0.007134 0.065930 0.997799 0.000000 0.000000 0.000000 0.000000 1.000000
0.999930 0.008572 0.008096 -0.000000 -0.008171 0.998799 -0.048305 11.798400 -0.008501 0.048236 0.998800 0.000000 0.000000 0.000000 0.000000 1.000000
0.999927 0.006751 0.010047 0.000000 -0.006431 0.999480 -0.031583 11.798400 -0.010255 0.031516 0.999451 0.000000 0.000000 0.000000 0.000000 1.000000
0.999904 0.005349 0.012801 0.000000 -0.005092 0.999787 -0.019983 11.798400 -0.012905 0.019916 0.999718 0.000000 0.000000 0.000000 0.000000 1.000000
0.999870 0.003435 0.015767 0.000000 -0.003189 0.999873 -0.015642 11.798400 -0.015818 0.015590 0.999753 -0.000000 0.000000 0.000000 0.000000 1.000000
0.999857 0.000131 0.016933 0.000000 0.000153 0.999859 -0.016764 11.798400 -0.016933 0.016764 0.999716 0.000000 0.000000 0.000000 0.000000 1.000000
0.999879 -0.003881 0.015077 0.000000 0.004164 0.999815 -0.018763 11.798400 -0.015001 0.018823 0.999710 0.000000 0.000000 0.000000 0.000000 1.000000
0.999913 -0.006892 0.011272 0.000000 0.007092 0.999816 -0.017851 11.798400 -0.011147 0.017929 0.999777 0.000000 0.000000 0.000000 0.000000 1.000000
0.999939 -0.008078 0.007468 0.000000 0.008184 0.999866 -0.014208 11.798400 -0.007353 0.014268 0.999871 0.000000 0.000000 0.000000 0.000000 1.000000
0.999958 -0.007937 0.004640 0.000000 0.007989 0.999903 -0.011439 11.798400 -0.004549 0.011476 0.999924 0.000000 0.000000 0.000000 0.000000 1.000000
0.999968 -0.007436 0.002928 -0.000000 0.007471 0.999899 -0.012078 11.798400 -0.002838 0.012099 0.999923 0.000000 0.000000 0.000000 0.000000 1.000000
0.999972 -0.007142 0.002257 0.000000 0.007175 0.999865 -0.014806 11.798400 -0.002151 0.014821 0.999888 0.000000 0.000000 0.000000 0.000000 1.000000
0.999972 -0.007068 0.002298 0.000000 0.007106 0.999833 -0.016850 11.798400 -0.002179 0.016866 0.999855 -0.000000 0.000000 0.000000 0.000000 1.000000
0.999972 -0.007032 0.002571 -0.000000 0.007075 0.999828 -0.017146 11.798400 -0.002450 0.017164 0.999850 0.000000 0.000000 0.000000 0.000000 1.000000
0.999973 -0.006900 0.002693 0.000000 0.006943 0.999839 -0.016521 11.798400 -0.002578 0.016539 0.999860 0.000000 0.000000 0.000000 0.000000 1.000000
0.999975 -0.006670 0.002455 0.000000 0.006709 0.999848 -0.016074 11.798400 -0.002348 0.016090 0.999868 0.000000 0.000000 0.000000 0.000000 1.000000
0.999977 -0.006491 0.001996 0.000000 0.006523 0.999847 -0.016241 11.798400 -0.001890 0.016254 0.999866 0.000000 0.000000 0.000000 0.000000 1.000000</float_array>
        <technique_common>
          <accessor source="#mixamorig12_Spine1-Matrix-animation-output-transform-array" count="53" stride="16">
            <param type="float4x4"/>
          </accessor>
        </technique_common>
      </source>
      <source id="mixamorig12_Spine1-Interpolations">
        <Name_array id="mixamorig12_Spine1-Interpolations-array" count="53">
 LINEAR LINEAR LINEAR LINEAR LINEAR LINEAR LINEAR LINEAR LINEAR LINEAR LINEAR
LINEAR LINEAR LINEAR LINEAR LINEAR LINEAR LINEAR LINEAR LINEAR LINEAR LINEAR LINEAR
LINEAR LINEAR LINEAR LINEAR LINEAR LINEAR LINEAR LINEAR LINEAR LINEAR LINEAR LINEAR
LINEAR LINEAR LINEAR LINEAR LINEAR LINEAR LINEAR LINEAR LINEAR LINEAR LINEAR LINEAR
LINEAR LINEAR LINEAR LINEAR LINEAR LINEAR</Name_array>
        <technique_common>
          <accessor source="#mixamorig12_Spine1-Interpolations-array" count="53">
            <param type="name"/>
          </accessor>
        </technique_common>
      </source>
      <sampler id="mixamorig12_Spine1-Matrix-animation-transform">
        <input semantic="INPUT" source="#mixamorig12_Spine1-Matrix-animation-input"/>
        <input semantic="OUTPUT" source="#mixamorig12_Spine1-Matrix-animation-output-transform"/>
        <input semantic="INTERPOLATION" source="#mixamorig12_Spine1-Interpolations"/>
      </sampler>
      <channel source="#mixamorig12_Spine1-Matrix-animation-transform" target="mixamorig12_Spine1/matrix"/>
    </animation>
    <animation id="mixamorig12_Spine2-anim" name="mixamorig12_Spine2">
      <source id="mixamorig12_Spine2-Matrix-animation-input">
        <float_array id="mixamorig12_Spine2-Matrix-animation-input-array" count="53">

0.000000 0.033333 0.066667 0.100000 0.133333 0.166667 0.200000 0.233333 0.266667 0.300000 0.333333 0.366667 0.400000 0.433333 0.466667 0.500000
0.533333 0.566667 0.600000 0.633333 0.666667 0.700000 0.733333 0.766667 0.800000 0.833333 0.866667 0.900000 0.933333 0.966667 1.000000 1.033333
1.066667 1.100000 1.133333 1.166667 1.200000 1.233333 1.266667 1.300000 1.333333 1.366667 1.400000 1.433333 1.466667 1.500000 1.533333 1.566667
1.600000 1.633333 1.666667 1.700000 1.733333</float_array>
        <technique_common>
          <accessor source="#mixamorig12_Spine2-Matrix-animation-input-array" count="53">
            <param name="TIME" type="float"/>
          </accessor>
        </technique_common>
      </source>
      <source id="mixamorig12_Spine2-Matrix-animation-output-transform">
        <float_array id="mixamorig12_Spine2-Matrix-animation-output-transform-array" count="848">

0.999480 0.016602 -0.027653 0.000000 -0.019084 0.995573 -0.092033 13.483900 0.026003 0.092513 0.995372 0.000000 0.000000 0.000000 0.000000 1.000000
0.999426 0.016289 -0.029719 0.000000 -0.018608 0.996660 -0.079516 13.483900 0.028324 0.080023 0.996391 0.000000 0.000000 0.000000 0.000000 1.000000
0.999490 0.015806 -0.027756 0.000000 -0.017723 0.997373 -0.070234 13.483900 0.026573 0.070691 0.997144 -0.000000 0.000000 0.000000 0.000000 1.000000
0.999665 0.011670 -0.023104 0.000000 -0.012965 0.998307 -0.056693 13.483900 0.022403 0.056974 0.998124 -0.000000 0.000000 0.000000 0.000000 1.000000
0.999839 0.003898 -0.017535 0.000000 -0.004511 0.999376 -0.035035 13.483900 0.017388 0.035108 0.999232 0.000000 0.000000 0.000000 0.000000 1.000000
0.999935 -0.004374 -0.010506 0.000000 0.004198 0.999851 -0.016766 13.483900 0.010578 0.016721 0.999804 0.000000 0.000000 0.000000 0.000000 1.000000
0.999958 -0.008657 -0.003013 0.000000 0.008611 0.999852 -0.014896 13.483900 0.003142 0.014869 0.999885 0.000000 0.000000 0.000000 0.000000 1.000000
0.999950 -0.009524 0.003105 0.000000 0.009613 0.999497 -0.030214 13.483900 -0.002816 0.030242 0.999539 0.000000 0.000000 0.000000 0.000000 1.000000
0.999910 -0.010534 0.008264 -0.000000 0.010973 0.998427 -0.054991 13.483900 -0.007672 0.055077 0.998453 -0.000000 0.000000 0.000000 0.000000 1.000000
0.999835 -0.012655 0.012996 0.000000 0.013654 0.996711 -0.079880 13.483900 -0.011942 0.080044 0.996720 0.000000 0.000000 0.000000 0.000000 1.000000
0.999742 -0.014693 0.017294 0.000000 0.016285 0.995263 -0.095844 13.483900 -0.015804 0.096101 0.995246 -0.000000 0.000000 0.000000 0.000000 1.000000
0.999655 -0.015623 0.021106 0.000000 0.017722 0.994496 -0.103262 13.483900 -0.019377 0.103600 0.994430 -0.000000 0.000000 0.000000 0.000000 1.000000
0.999624 -0.015195 0.022837 0.000000 0.017665 0.993531 -0.112175 13.483900 -0.020985 0.112536 0.993426 0.000000 0.000000 0.000000 0.000000 1.000000
0.999694 -0.013447 0.020774 0.000000 0.015999 0.991642 -0.128025 13.483900 -0.018879 0.128318 0.991553 0.000000 0.000000 0.000000 0.000000 1.000000
0.999804 -0.011730 0.015967 0.000000 0.013880 0.989772 -0.141983 13.483900 -0.014138 0.142177 0.989740 -0.000000 0.000000 0.000000 0.000000 1.000000
0.999880 -0.011467 0.010459 0.000000 0.012812 0.990181 -0.139200 13.483900 -0.008760 0.139317 0.990209 0.000000 0.000000 0.000000 0.000000 1.000000
0.999934 -0.010095 0.005557 -0.000000 0.010667 0.993310 -0.114983 13.483900 -0.004360 0.115034 0.993352 0.000000 0.000000 0.000000 0.000000 1.000000
0.999983 -0.004925 0.003185 0.000000 0.005167 0.996701 -0.080998 13.483900 -0.002775 0.081013 0.996709 0.000000 0.000000 0.000000 0.000000 1.000000
0.999984 0.002722 0.004865 0.000000 -0.002454 0.998528 -0.054183 13.483900 -0.005005 0.054171 0.998519 0.000000 0.000000 0.000000 0.000000 1.000000
0.999900 0.011044 0.008808 0.000000 -0.010677 0.999114 -0.040717 13.483900 -0.009249 0.040619 0.999132 0.000000 0.000000 0.000000 0.000000 1.000000
0.999750 0.020571 0.008715 -0.000000 -0.020206 0.998993 -0.040063 13.483900 -0.009530 0.039877 0.999159 0.000000 0.000000 0.000000 0.000000 1.000000
0.999595 0.028431 -0.000766 -0.000000 -0.028434 0.998340 -0.050091 13.483900 -0.000660 0.050092 0.998744 -0.000000 0.000000 0.000000 0.000000 1.000000
0.999452 0.029430 -0.015168 -0.000000 -0.030445 0.996959 -0.071728 13.483900 0.013011 0.072150 0.997309 -0.000000 0.000000 0.000000 0.000000 1.000000
0.999450 0.023461 -0.023438 -0.000000 -0.025720 0.994529 -0.101250 13.483900 0.020934 0.101797 0.994585 -0.000000 0.000000 0.000000 0.000000 1.000000
0.999608 0.018163 -0.021293 0.000000 -0.020780 0.991306 -0.129926 13.483900 0.018748 0.130317 0.991295 -0.000000 0.000000 0.000000 0.000000 1.000000
0.999725 0.018807 -0.014027 0.000000 -0.020699 0.988475 -0.149960 13.483900 0.011045 0.150209 0.988593 0.000000 0.000000 0.000000 0.000000 1.000000
0.999739 0.021934 -0.006380 -0.000000 -0.022669 0.987051 -0.158797 13.483900 0.002814 0.158900 0.987291 0.000000 0.000000 0.000000 0.000000 1.000000
0.999732 0.023128 -0.001346 -0.000000 -0.023046 0.986864 -0.159900 13.483900 -0.002370 0.159888 0.987132 -0.000000 0.000000 0.000000 0.000000 1.000000
0.999750 0.022345 -0.001060 0.000000 -0.022237 0.987553 -0.155706 13.483900 -0.002432 0.155691 0.987803 0.000000 0.000000 0.000000 0.000000 1.000000
0.999770 0.021036 -0.004235 0.000000 -0.021431 0.988813 -0.147613 13.483900 0.001083 0.147670 0.989036 0.000000 0.000000 0.000000 0.000000 1.000000
0.999780 0.019852 -0.006701 -0.000000 -0.020587 0.990232 -0.137900 13.483900 0.003898 0.138008 0.990423 0.000000 0.000000 0.000000 0.000000 1.000000
0.999805 0.018969 -0.005558 -0.000000 -0.019526 0.991536 -0.128357 13.483900 0.003076 0.128440 0.991712 0.000000 0.000000 0.000000 0.000000 1.000000
0.999836 0.018009 -0.001710 0.000000 -0.018084 0.992757 -0.118767 13.483900 -0.000441 0.118779 0.992921 0.000000 0.000000 0.000000 0.000000 1.000000
0.999866 0.016250 0.001982 0.000000 -0.015943 0.994083 -0.107444 13.483900 -0.003717 0.107398 0.994209 0.000000 0.000000 0.000000 0.000000 1.000000
0.999891 0.014223 0.003959 0.000000 -0.013782 0.995363 -0.095202 13.483900 -0.005295 0.095137 0.995450 0.000000 0.000000 0.000000 0.000000 1.000000
0.999909 0.012461 0.005098 0.000000 -0.012003 0.996582 -0.081734 13.483900 -0.006099 0.081666 0.996641 0.000000 0.000000 0.000000 0.000000 1.000000
0.999923 0.010619 0.006488 0.000000 -0.010168 0.997767 -0.066011 13.483900 -0.007174 0.065939 0.997798 0.000000 0.000000 0.000000 0.000000 1.000000
0.999931 0.008516 0.008084 -0.000000 -0.008116 0.998799 -0.048321 13.483900 -0.008486 0.048252 0.998799 0.000000 0.000000 0.000000 0.000000 1.000000
0.999928 0.006674 0.010013 0.000000 -0.006355 0.999480 -0.031609 13.483900 -0.010219 0.031543 0.999450 0.000000 0.000000 0.000000 0.000000 1.000000
0.999905 0.005232 0.012791 0.000000 -0.004975 0.999787 -0.020025 13.483900 -0.012893 0.019960 0.999718 -0.000000 0.000000 0.000000 0.000000 1.000000
0.999870 0.003276 0.015772 0.000000 -0.003029 0.999872 -0.015699 13.483900 -0.015821 0.015649 0.999752 -0.000000 0.000000 0.000000 0.000000 1.000000
0.999857 -0.000026 0.016931 0.000000 0.000311 0.999858 -0.016821 13.483900 -0.016928 0.016824 0.999715 0.000000 0.000000 0.000000 0.000000 1.000000
0.999878 -0.003991 0.015080 0.000000 0.004275 0.999814 -0.018807 13.483900 -0.015003 0.018869 0.999709 0.000000 0.000000 0.000000 0.000000 1.000000
0.999912 -0.006958 0.011286 0.000000 0.007159 0.999815 -0.017875 13.483900 -0.011160 0.017954 0.999777 -0.000000 0.000000 0.000000 0.000000 1.000000
0.999939 -0.008114 0.007478 0.000000 0.008220 0.999865 -0.014210 13.483900 -0.007362 0.014271 0.999871 0.000000 0.000000 0.000000 0.000000 1.000000
0.999958 -0.007948 0.004645 -0.000000 0.008001 0.999903 -0.011423 13.483900 -0.004554 0.011460 0.999924 0.000000 0.000000 0.000000 0.000000 1.000000
0.999968 -0.007435 0.002928 0.000000 0.007470 0.999900 -0.012049 13.483900 -0.002838 0.012071 0.999923 0.000000 0.000000 0.000000 0.000000 1.000000
