<?xml version="1.0" encoding="utf-8"?>
<COLLADA xmlns="http://www.collada.org/2005/11/COLLADASchema" version="1.4.1">
  <asset>
    <contributor>
      <author>Mixamo</author>
      <authoring_tool>COLLADA Mixamo exporter</authoring_tool>
      <comments/>
    </contributor>
    <created>2025-06-03T15:19:19Z</created>
    <modified>2025-06-03T15:19:19Z</modified>
    <revision/>
    <title/>
    <unit meter="0.010000"/>
    <up_axis>Y_UP</up_axis>
  </asset>
  <library_animations>
    <animation id="mixamorig12_Hips-anim" name="mixamorig12_Hips">
      <source id="mixamorig12_Hips-Matrix-animation-input">
        <float_array id="mixamorig12_Hips-Matrix-animation-input-array" count="71">

0.000000 0.033333 0.066667 0.100000 0.133333 0.166667 0.200000 0.233333 0.266667 0.300000 0.333333 0.366667 0.400000 0.433333 0.466667 0.500000
0.533333 0.566667 0.600000 0.633333 0.666667 0.700000 0.733333 0.766667 0.800000 0.833333 0.866667 0.900000 0.933333 0.966667 1.000000 1.033333
1.066667 1.100000 1.133333 1.166667 1.200000 1.233333 1.266667 1.300000 1.333333 1.366667 1.400000 1.433333 1.466667 1.500000 1.533333 1.566667
1.600000 1.633333 1.666667 1.700000 1.733333 1.766667 1.800000 1.833333 1.866667 1.900000 1.933333 1.966667 2.000000 2.033333 2.066667 2.100000
2.133333 2.166667 2.200000 2.233333 2.266667 2.300000 2.333333</float_array>
        <technique_common>
          <accessor source="#mixamorig12_Hips-Matrix-animation-input-array" count="71">
            <param name="TIME" type="float"/>
          </accessor>
        </technique_common>
      </source>
      <source id="mixamorig12_Hips-Matrix-animation-output-transform">
        <float_array id="mixamorig12_Hips-Matrix-animation-output-transform-array" count="1136">

0.663887 0.085109 -0.742974 2.904698 -0.014331 0.994768 0.101146 85.326477 0.747695 -0.056502 0.661634 -4.588478 0.000000 0.000000 0.000000 1.000000
0.670680 0.077843 -0.737651 2.413422 -0.021805 0.996117 0.085292 85.510193 0.741426 -0.041119 0.669773 -4.386671 0.000000 0.000000 0.000000 1.000000
0.704491 0.075507 -0.705685 1.646930 -0.028314 0.996523 0.078360 85.778908 0.709148 -0.035223 0.704179 -4.209806 0.000000 0.000000 0.000000 1.000000
0.766789 0.073406 -0.637688 0.397660 -0.028940 0.996383 0.079898 86.433258 0.641247 -0.042810 0.766140 -4.068577 0.000000 0.000000 0.000000 1.000000
0.846576 0.062703 -0.528561 -1.540515 -0.023052 0.996424 0.081284 87.560760 0.531768 -0.056629 0.844995 -3.837013 0.000000 0.000000 0.000000 1.000000
0.923426 0.041024 -0.381577 -4.153846 -0.013662 0.997154 0.074144 88.925659 0.383532 -0.063253 0.921359 -3.310252 0.000000 0.000000 0.000000 1.000000
0.965975 0.022816 -0.257628 -6.240309 -0.006122 0.997839 0.065418 89.701675 0.258564 -0.061615 0.964027 -2.469866 0.000000 0.000000 0.000000 1.000000
0.984186 0.017381 -0.176282 -7.138045 -0.004583 0.997340 0.072748 89.459976 0.177077 -0.070789 0.981648 -1.492923 0.000000 0.000000 0.000000 1.000000
0.996222 0.020509 -0.084387 -7.457900 -0.011753 0.994614 0.102981 88.440071 0.086045 -0.101600 0.991097 -0.459440 0.000000 0.000000 0.000000 1.000000
0.999469 0.028098 0.016486 -7.339597 -0.030228 0.988575 0.147670 86.572708 -0.012148 -0.148090 0.988899 0.393577 0.000000 0.000000 0.000000 1.000000
0.994163 0.037774 0.101064 -7.010142 -0.056119 0.981068 0.185356 84.187500 -0.092149 -0.189945 0.977461 0.963746 0.000000 0.000000 0.000000 1.000000
0.988927 0.050295 0.139620 -6.689531 -0.078089 0.976396 0.201377 82.086372 -0.126196 -0.210050 0.969512 1.266977 0.000000 0.000000 0.000000 1.000000
0.989730 0.067493 0.126013 -6.438175 -0.091899 0.975632 0.199240 80.961075 -0.109495 -0.208775 0.971815 1.482376 0.000000 0.000000 0.000000 1.000000
0.993346 0.089326 0.072693 -6.164418 -0.101634 0.976796 0.188523 81.013832 -0.054167 -0.194657 0.979375 1.935401 0.000000 0.000000 0.000000 1.000000
0.993391 0.113194 -0.018993 -5.788068 -0.108156 0.978577 0.175182 82.172653 0.038416 -0.171970 0.984353 2.844798 0.000000 0.000000 0.000000 1.000000
0.976486 0.133675 -0.169131 -5.345394 -0.105506 0.980498 0.165807 84.226517 0.187997 -0.144064 0.971547 4.110761 0.000000 0.000000 0.000000 1.000000
0.910822 0.146377 -0.385976 -4.936125 -0.086333 0.981889 0.168642 86.591660 0.403671 -0.120280 0.906963 5.394118 0.000000 0.000000 0.000000 1.000000
0.768495 0.158916 -0.619808 -4.578192 -0.052790 0.981112 0.186098 88.276222 0.637675 -0.110295 0.762369 6.349999 0.000000 0.000000 0.000000 1.000000
0.595686 0.180209 -0.782740 -4.286359 -0.015142 0.976853 0.213376 88.762321 0.803075 -0.115253 0.584626 6.656886 0.000000 0.000000 0.000000 1.000000
0.492640 0.209581 -0.844619 -3.924486 0.003774 0.970043 0.242905 88.372375 0.870225 -0.122852 0.477091 6.407301 0.000000 0.000000 0.000000 1.000000
0.484031 0.230247 -0.844216 -3.357296 -0.011553 0.966359 0.256936 87.673279 0.874975 -0.114612 0.470408 6.199392 0.000000 0.000000 0.000000 1.000000
0.487104 0.229710 -0.842593 -2.674895 -0.042175 0.969851 0.240021 87.005913 0.872325 -0.081379 0.482106 6.505793 0.000000 0.000000 0.000000 1.000000
0.415414 0.212120 -0.884555 -2.016449 -0.048921 0.976233 0.211130 86.452225 0.908316 -0.044433 0.415918 7.164970 0.000000 0.000000 0.000000 1.000000
0.263447 0.199209 -0.943881 -1.445551 -0.023527 0.979481 0.200156 85.865028 0.964387 -0.030524 0.262728 7.798619 0.000000 0.000000 0.000000 1.000000
0.112627 0.206088 -0.972030 -1.060663 0.003416 0.978169 0.207785 85.259689 0.993631 -0.026723 0.109464 8.280845 0.000000 0.000000 0.000000 1.000000
0.044173 0.214250 -0.975779 -0.906325 0.008558 0.976616 0.214821 84.959961 0.998987 -0.017840 0.041307 8.659719 0.000000 0.000000 0.000000 1.000000
0.055251 0.215625 -0.974912 -0.906115 -0.002526 0.976430 0.215817 84.967621 0.998469 -0.009461 0.054494 9.003173 0.000000 0.000000 0.000000 1.000000
0.093244 0.217313 -0.971638 -0.887670 -0.014421 0.976082 0.216923 84.973541 0.995539 -0.006215 0.094148 9.206945 0.000000 0.000000 0.000000 1.000000
0.132955 0.220641 -0.966251 -0.734609 -0.023142 0.975331 0.219530 84.920547 0.990852 -0.006827 0.134781 9.018834 0.000000 0.000000 0.000000 1.000000
0.204174 0.222218 -0.953379 -0.530898 -0.039182 0.974969 0.218859 85.036926 0.978150 -0.007331 0.207771 8.327144 0.000000 0.000000 0.000000 1.000000
0.342017 0.221693 -0.913168 -0.479726 -0.072984 0.975104 0.209394 85.548508 0.936855 -0.004970 0.349682 7.365843 0.000000 0.000000 0.000000 1.000000
0.525427 0.219813 -0.821954 -0.681617 -0.119097 0.975542 0.184755 86.475739 0.842462 0.000817 0.538755 6.534117 0.000000 0.000000 0.000000 1.000000
0.685540 0.212809 -0.696238 -1.057057 -0.154046 0.977072 0.146968 87.638588 0.711551 0.006500 0.702604 6.052190 0.000000 0.000000 0.000000 1.000000
0.777183 0.187090 -0.600819 -1.348825 -0.151040 0.982331 0.110513 88.444481 0.610879 0.004859 0.791709 5.714757 0.000000 0.000000 0.000000 1.000000
0.801677 0.143844 -0.580192 -1.322438 -0.115413 0.989599 0.085875 88.666466 0.586510 -0.001882 0.809940 5.381656 0.000000 0.000000 0.000000 1.000000
0.783695 0.109183 -0.611474 -1.061064 -0.082809 0.994008 0.071355 88.412628 0.615601 -0.005285 0.788040 5.167385 0.000000 0.000000 0.000000 1.000000
0.772772 0.102236 -0.626396 -0.788675 -0.080469 0.994759 0.063084 87.808434 0.629562 0.001656 0.776948 5.080078 0.000000 0.000000 0.000000 1.000000
0.810880 0.115601 -0.573681 -0.594672 -0.097049 0.993285 0.062978 87.076797 0.577109 0.004608 0.816654 5.001352 0.000000 0.000000 0.000000 1.000000
0.878093 0.124808 -0.461926 -0.480407 -0.101726 0.992007 0.074658 86.164734 0.467552 -0.018567 0.883771 4.821191 0.000000 0.000000 0.000000 1.000000
0.927994 0.113797 -0.354791 -0.400475 -0.087161 0.992099 0.090232 85.189972 0.362256 -0.052811 0.930581 4.492512 0.000000 0.000000 0.000000 1.000000
0.949292 0.095788 -0.299448 -0.312242 -0.068242 0.992527 0.101157 84.444069 0.306900 -0.075593 0.948735 3.999762 0.000000 0.000000 0.000000 1.000000
0.953981 0.084088 -0.287835 -0.212589 -0.054665 0.992561 0.108788 84.122864 0.294841 -0.088047 0.951481 3.403224 0.000000 0.000000 0.000000 1.000000
0.952433 0.083990 -0.292945 -0.091985 -0.050918 0.991617 0.118760 84.120255 0.300463 -0.098194 0.948725 2.787254 0.000000 0.000000 0.000000 1.000000
0.947204 0.092117 -0.307113 -0.008795 -0.054104 0.990025 0.130086 84.402596 0.316033 -0.106602 0.942740 2.129213 0.000000 0.000000 0.000000 1.000000
0.934435 0.100559 -0.341642 -0.010062 -0.057411 0.989295 0.134164 85.064926 0.351476 -0.105753 0.930205 1.335771 0.000000 0.000000 0.000000 1.000000
0.911029 0.102656 -0.399359 -0.050161 -0.056164 0.990381 0.126456 86.145966 0.408499 -0.092776 0.908031 0.349648 0.000000 0.000000 0.000000 1.000000
0.880571 0.097653 -0.463744 -0.019505 -0.050715 0.992338 0.112662 87.515091 0.471193 -0.075689 0.878777 -0.786916 0.000000 0.000000 0.000000 1.000000
0.851096 0.089880 -0.517259 0.147210 -0.044413 0.994031 0.099647 88.942215 0.523128 -0.061836 0.850008 -1.959934 0.000000 0.000000 0.000000 1.000000
0.825954 0.081820 -0.557768 0.413175 -0.039416 0.995372 0.087645 90.209167 0.562357 -0.050405 0.825357 -3.110937 0.000000 0.000000 0.000000 1.000000
0.802686 0.074940 -0.591675 0.736959 -0.036879 0.996412 0.076171 91.107750 0.595261 -0.039321 0.802570 -4.200243 0.000000 0.000000 0.000000 1.000000
0.778964 0.072178 -0.622901 1.124427 -0.037513 0.996938 0.068608 91.564804 0.625946 -0.030076 0.779286 -5.145469 0.000000 0.000000 0.000000 1.000000
0.753216 0.076120 -0.653353 1.590214 -0.042368 0.996833 0.067294 91.549858 0.656407 -0.023006 0.754056 -5.848359 0.000000 0.000000 0.000000 1.000000
0.722602 0.084789 -0.686045 2.091883 -0.049066 0.996237 0.071446 91.081436 0.689521 -0.017965 0.724043 -6.299315 0.000000 0.000000 0.000000 1.000000
0.686223 0.093347 -0.721377 2.539292 -0.051530 0.995478 0.079797 90.225037 0.725564 -0.017585 0.687930 -6.572673 0.000000 0.000000 0.000000 1.000000
0.649247 0.100513 -0.753907 2.867482 -0.046641 0.994625 0.092440 89.097336 0.759146 -0.024854 0.650445 -6.735623 0.000000 0.000000 0.000000 1.000000
0.621115 0.110003 -0.775961 3.094156 -0.039011 0.993213 0.109575 87.843521 0.782748 -0.037787 0.621190 -6.777705 0.000000 0.000000 0.000000 1.000000
0.607036 0.123444 -0.785028 3.252117 -0.034172 0.991002 0.129409 86.715797 0.793940 -0.051730 0.605792 -6.696514 0.000000 0.000000 0.000000 1.000000
0.602728 0.137102 -0.786080 3.341776 -0.033176 0.988583 0.146983 85.962547 0.797257 -0.062511 0.600395 -6.530012 0.000000 0.000000 0.000000 1.000000
0.601052 0.143958 -0.786138 3.360806 -0.032918 0.987268 0.155622 85.746277 0.798532 -0.067658 0.598138 -6.346928 0.000000 0.000000 0.000000 1.000000
0.598688 0.139176 -0.788798 3.342727 -0.031147 0.988089 0.150699 86.057846 0.800376 -0.065653 0.595892 -6.183651 0.000000 0.000000 0.000000 1.000000
0.595934 0.124633 -0.793302 3.328607 -0.028779 0.990563 0.134006 86.728806 0.802517 -0.057029 0.593897 -6.027975 0.000000 0.000000 0.000000 1.000000
0.594983 0.107151 -0.796564 3.327468 -0.027854 0.993227 0.112800 87.524513 0.803256 -0.044926 0.593938 -5.848347 0.000000 0.000000 0.000000 1.000000
0.597950 0.092210 -0.796212 3.329413 -0.028873 0.995194 0.093571 88.210419 0.801013 -0.032961 0.597739 -5.643065 0.000000 0.000000 0.000000 1.000000
0.604714 0.082099 -0.792200 3.338968 -0.030702 0.996337 0.079818 88.594162 0.795850 -0.023945 0.605020 -5.459102 0.000000 0.000000 0.000000 1.000000
0.614318 0.077593 -0.785234 3.367059 -0.032053 0.996786 0.073420 88.576752 0.788407 -0.019934 0.614831 -5.331050 0.000000 0.000000 0.000000 1.000000
0.625960 0.077805 -0.775964 3.399533 -0.031734 0.996728 0.074342 88.169472 0.779209 -0.021911 0.626381 -5.240570 0.000000 0.000000 0.000000 1.000000
0.638176 0.080489 -0.765672 3.397828 -0.029080 0.996330 0.080499 87.475266 0.769341 -0.029107 0.638175 -5.152457 0.000000 0.000000 0.000000 1.000000
0.648939 0.083873 -0.756203 3.336747 -0.025040 0.995721 0.088951 86.656555 0.760428 -0.038788 0.648263 -5.049076 0.000000 0.000000 0.000000 1.000000
0.656677 0.086624 -0.749180 3.226014 -0.021239 0.995112 0.096443 85.903702 0.753872 -0.047420 0.655307 -4.931592 0.000000 0.000000 0.000000 1.000000
0.660937 0.087668 -0.745303 3.095890 -0.018325 0.994742 0.100758 85.395096 0.750218 -0.052937 0.659069 -4.803046 0.000000 0.000000 0.000000 1.000000
0.663000 0.086548 -0.743600 2.966379 -0.015697 0.994684 0.101776 85.255043 0.748455 -0.055805 0.660833 -4.659297 0.000000 0.000000 0.000000 1.000000</float_array>
        <technique_common>
          <accessor source="#mixamorig12_Hips-Matrix-animation-output-transform-array" count="71" stride="16">
            <param type="float4x4"/>
          </accessor>
        </technique_common>
      </source>
      <source id="mixamorig12_Hips-Interpolations">
        <Name_array id="mixamorig12_Hips-Interpolations-array" count="71">
 LINEAR LINEAR LINEAR LINEAR LINEAR LINEAR LINEAR LINEAR LINEAR LINEAR LINEAR
LINEAR LINEAR LINEAR LINEAR LINEAR LINEAR LINEAR LINEAR LINEAR LINEAR LINEAR LINEAR
LINEAR LINEAR LINEAR LINEAR LINEAR LINEAR LINEAR LINEAR LINEAR LINEAR LINEAR LINEAR
LINEAR LINEAR LINEAR LINEAR LINEAR LINEAR LINEAR LINEAR LINEAR LINEAR LINEAR LINEAR
LINEAR LINEAR LINEAR LINEAR LINEAR LINEAR LINEAR LINEAR LINEAR LINEAR LINEAR LINEAR
LINEAR LINEAR LINEAR LINEAR LINEAR LINEAR LINEAR LINEAR LINEAR LINEAR LINEAR LINEAR</Name_array>
        <technique_common>
          <accessor source="#mixamorig12_Hips-Interpolations-array" count="71">
            <param type="name"/>
          </accessor>
        </technique_common>
      </source>
      <sampler id="mixamorig12_Hips-Matrix-animation-transform">
        <input semantic="INPUT" source="#mixamorig12_Hips-Matrix-animation-input"/>
        <input semantic="OUTPUT" source="#mixamorig12_Hips-Matrix-animation-output-transform"/>
        <input semantic="INTERPOLATION" source="#mixamorig12_Hips-Interpolations"/>
      </sampler>
      <channel source="#mixamorig12_Hips-Matrix-animation-transform" target="mixamorig12_Hips/matrix"/>
    </animation>
    <animation id="mixamorig12_Spine-anim" name="mixamorig12_Spine">
      <source id="mixamorig12_Spine-Matrix-animation-input">
        <float_array id="mixamorig12_Spine-Matrix-animation-input-array" count="71">

0.000000 0.033333 0.066667 0.100000 0.133333 0.166667 0.200000 0.233333 0.266667 0.300000 0.333333 0.366667 0.400000 0.433333 0.466667 0.500000
0.533333 0.566667 0.600000 0.633333 0.666667 0.700000 0.733333 0.766667 0.800000 0.833333 0.866667 0.900000 0.933333 0.966667 1.000000 1.033333
1.066667 1.100000 1.133333 1.166667 1.200000 1.233333 1.266667 1.300000 1.333333 1.366667 1.400000 1.433333 1.466667 1.500000 1.533333 1.566667
1.600000 1.633333 1.666667 1.700000 1.733333 1.766667 1.800000 1.833333 1.866667 1.900000 1.933333 1.966667 2.000000 2.033333 2.066667 2.100000
2.133333 2.166667 2.200000 2.233333 2.266667 2.300000 2.333333</float_array>
        <technique_common>
          <accessor source="#mixamorig12_Spine-Matrix-animation-input-array" count="71">
            <param name="TIME" type="float"/>
          </accessor>
        </technique_common>
      </source>
      <source id="mixamorig12_Spine-Matrix-animation-output-transform">
        <float_array id="mixamorig12_Spine-Matrix-animation-output-transform-array" count="1136">

0.999749 -0.007125 0.021247 -0.000000 0.005819 0.998126 0.060916 10.052400 -0.021641 -0.060777 0.997917 -1.105100 0.000000 0.000000 0.000000 1.000000
0.999824 -0.011564 0.014756 0.000000 0.010573 0.997794 0.065541 10.052400 -0.015481 -0.065373 0.997741 -1.105100 0.000000 0.000000 0.000000 1.000000
0.999894 -0.013401 0.005704 -0.000000 0.012973 0.997508 0.069352 10.052400 -0.006619 -0.069270 0.997576 -1.105100 0.000000 0.000000 0.000000 1.000000
0.999944 -0.010570 0.001118 0.000000 0.010460 0.997256 0.073291 10.052400 -0.001890 -0.073275 0.997310 -1.105100 0.000000 0.000000 0.000000 1.000000
0.999957 -0.003324 0.008603 0.000000 0.002639 0.996909 0.078524 10.052400 -0.008837 -0.078498 0.996875 -1.105100 0.000000 0.000000 0.000000 1.000000
0.999450 0.008925 0.031930 -0.000000 -0.011618 0.996298 0.085183 10.052400 -0.031052 -0.085507 0.995854 -1.105100 0.000000 0.000000 0.000000 1.000000
0.997676 0.022554 0.064296 -0.000000 -0.028282 0.995574 0.089622 10.052400 -0.061990 -0.091232 0.993898 -1.105100 0.000000 0.000000 0.000000 1.000000
0.995289 0.031190 0.091802 0.000000 -0.039344 0.995308 0.088397 10.052400 -0.088614 -0.091592 0.991846 -1.105100 0.000000 0.000000 0.000000 1.000000
0.993243 0.031312 0.111746 0.000000 -0.040524 0.995879 0.081140 10.052400 -0.108745 -0.085120 0.990419 -1.105100 0.000000 0.000000 0.000000 1.000000
0.992072 0.020471 0.123989 0.000000 -0.029422 0.997057 0.070793 10.052400 -0.122175 -0.073880 0.989755 -1.105100 0.000000 0.000000 0.000000 1.000000
0.991196 0.001011 0.132400 0.000000 -0.009587 0.997894 0.064157 10.052400 -0.132056 -0.064861 0.989118 -1.105100 0.000000 0.000000 0.000000 1.000000
0.989866 -0.016435 0.141048 0.000000 0.007527 0.997956 0.063465 10.052400 -0.141802 -0.061760 0.987966 -1.105100 0.000000 0.000000 0.000000 1.000000
0.988547 -0.025199 0.148792 0.000000 0.015377 0.997648 0.066796 10.052400 -0.150125 -0.063743 0.986610 -1.105100 0.000000 0.000000 0.000000 1.000000
0.988273 -0.027571 0.150188 0.000000 0.016618 0.997142 0.073704 10.052400 -0.151791 -0.070344 0.985906 -1.105100 0.000000 0.000000 0.000000 1.000000
0.989686 -0.025951 0.140884 0.000000 0.014067 0.996307 0.084708 10.052400 -0.142562 -0.081852 0.986396 -1.105100 0.000000 0.000000 0.000000 1.000000
0.992254 -0.019013 0.122761 0.000000 0.006979 0.995189 0.097726 10.052400 -0.124029 -0.096113 0.987613 -1.105100 0.000000 0.000000 0.000000 1.000000
0.994597 -0.008714 0.103448 -0.000000 -0.002517 0.994153 0.107950 10.052400 -0.103784 -0.107627 0.988759 -1.105100 0.000000 0.000000 0.000000 1.000000
0.996303 -0.008644 0.085467 0.000000 -0.000854 0.993879 0.110471 10.052400 -0.085899 -0.110135 0.990198 -1.105100 0.000000 0.000000 0.000000 1.000000
0.997891 -0.015280 0.063090 -0.000000 0.008737 0.994673 0.102710 10.052400 -0.064324 -0.101942 0.992709 -1.105100 0.000000 0.000000 0.000000 1.000000
0.999416 -0.018513 0.028735 0.000000 0.015790 0.995610 0.092260 10.052400 -0.030317 -0.091752 0.995320 -1.105100 0.000000 0.000000 0.000000 1.000000
0.999704 -0.018941 -0.015281 0.000000 0.020232 0.995804 0.089252 10.052400 0.013526 -0.089535 0.995892 -1.105100 0.000000 0.000000 0.000000 1.000000
0.998419 -0.021812 -0.051802 0.000000 0.026636 0.995184 0.094338 10.052400 0.049495 -0.095569 0.994192 -1.105100 0.000000 0.000000 0.000000 1.000000
0.997708 -0.024827 -0.062951 0.000000 0.030983 0.994626 0.098784 10.052400 0.060161 -0.100508 0.993116 -1.105100 0.000000 0.000000 0.000000 1.000000
0.998338 -0.025681 -0.051587 0.000000 0.030595 0.994828 0.096855 10.052400 0.048833 -0.098272 0.993961 -1.105100 0.000000 0.000000 0.000000 1.000000
0.998860 -0.028142 -0.038568 0.000000 0.031564 0.995332 0.091201 10.052400 0.035821 -0.092314 0.995085 -1.105100 0.000000 0.000000 0.000000 1.000000
0.998869 -0.030301 -0.036630 0.000000 0.033455 0.995487 0.088802 10.052400 0.033774 -0.089927 0.995376 -1.105100 0.000000 0.000000 0.000000 1.000000
0.998695 -0.028363 -0.042477 0.000000 0.032127 0.995357 0.090727 10.052400 0.039706 -0.091973 0.994970 -1.105100 0.000000 0.000000 0.000000 1.000000
0.998543 -0.023006 -0.048817 -0.000000 0.027503 0.995235 0.093542 10.052400 0.046432 -0.094748 0.994418 -1.105100 0.000000 0.000000 0.000000 1.000000
0.998384 -0.017064 -0.054207 0.000000 0.022186 0.995197 0.095348 10.052400 0.052320 -0.096397 0.993967 -1.105100 0.000000 0.000000 0.000000 1.000000
0.997923 -0.012965 -0.063098 0.000000 0.018978 0.995233 0.095658 10.052400 0.061557 -0.096656 0.993412 -1.105100 0.000000 0.000000 0.000000 1.000000
0.997082 -0.009286 -0.075769 -0.000000 0.016446 0.995396 0.094423 10.052400 0.074543 -0.095393 0.992645 -1.105100 0.000000 0.000000 0.000000 1.000000
0.996508 -0.004925 -0.083351 -0.000000 0.012732 0.995548 0.093393 10.052400 0.082519 -0.094129 0.992134 -1.105100 0.000000 0.000000 0.000000 1.000000
0.997053 -0.005578 -0.076507 -0.000000 0.012848 0.995407 0.094869 10.052400 0.075627 -0.095572 0.992545 -1.105100 0.000000 0.000000 0.000000 1.000000
0.998718 -0.005105 -0.050370 0.000000 0.009980 0.995233 0.097015 10.052400 0.049635 -0.097393 0.994008 -1.105100 0.000000 0.000000 0.000000 1.000000
0.999946 0.000347 -0.010406 0.000000 0.000644 0.995476 0.095016 10.052400 0.010392 -0.095017 0.995421 -1.105100 0.000000 0.000000 0.000000 1.000000
0.999455 0.007043 0.032265 -0.000000 -0.009868 0.996048 0.088266 10.052400 -0.031516 -0.088537 0.995574 -1.105100 0.000000 0.000000 0.000000 1.000000
0.997791 0.008858 0.065845 0.000000 -0.014190 0.996616 0.080960 10.052400 -0.064905 -0.081716 0.994540 -1.105100 0.000000 0.000000 0.000000 1.000000
0.996654 0.002363 0.081697 -0.000000 -0.008607 0.997058 0.076163 10.052400 -0.081277 -0.076611 0.993743 -1.105100 0.000000 0.000000 0.000000 1.000000
0.996645 -0.006050 0.081617 0.000000 0.000127 0.997377 0.072377 10.052400 -0.081841 -0.072124 0.994032 -1.105100 0.000000 0.000000 0.000000 1.000000
0.997031 -0.010799 0.076237 -0.000000 0.005492 0.997568 0.069477 10.052400 -0.076802 -0.068852 0.994666 -1.105100 0.000000 0.000000 0.000000 1.000000
0.997185 -0.013498 0.073749 0.000000 0.008402 0.997583 0.068972 10.052400 -0.074502 -0.068159 0.994889 -1.105100 0.000000 0.000000 0.000000 1.000000
0.997135 -0.013905 0.074360 0.000000 0.008668 0.997489 0.070292 10.052400 -0.075150 -0.069446 0.994751 -1.105100 0.000000 0.000000 0.000000 1.000000
0.997200 -0.016085 0.073035 -0.000000 0.010791 0.997324 0.072307 10.052400 -0.074003 -0.071317 0.994705 -1.105100 0.000000 0.000000 0.000000 1.000000
0.997559 -0.019850 0.066954 0.000000 0.014859 0.997129 0.074243 10.052400 -0.068235 -0.073067 0.994990 -1.105100 0.000000 0.000000 0.000000 1.000000
0.998024 -0.023132 0.058414 0.000000 0.018596 0.996855 0.077037 10.052400 -0.060013 -0.075799 0.995316 -1.105100 0.000000 0.000000 0.000000 1.000000
0.998438 -0.024108 0.050397 0.000000 0.019975 0.996517 0.080963 10.052400 -0.052173 -0.079830 0.995442 -1.105100 0.000000 0.000000 0.000000 1.000000
0.998822 -0.022347 0.043075 0.000000 0.018651 0.996260 0.084372 10.052400 -0.044800 -0.083470 0.995503 -1.105100 0.000000 0.000000 0.000000 1.000000
0.999175 -0.019460 0.035642 -0.000000 0.016326 0.996143 0.086207 10.052400 -0.037182 -0.085554 0.995640 -1.105100 0.000000 0.000000 0.000000 1.000000
0.999430 -0.017143 0.029094 0.000000 0.014553 0.996102 0.087005 10.052400 -0.030472 -0.086532 0.995783 -1.105100 0.000000 0.000000 0.000000 1.000000
0.999557 -0.016986 0.024447 -0.000000 0.014794 0.996081 0.087199 10.052400 -0.025832 -0.086799 0.995891 -1.105100 0.000000 0.000000 0.000000 1.000000
0.999590 -0.019197 0.021253 0.000000 0.017288 0.996091 0.086624 10.052400 -0.022833 -0.086222 0.996014 -1.105100 0.000000 0.000000 0.000000 1.000000
0.999571 -0.022535 0.018701 0.000000 0.020859 0.996126 0.085426 10.052400 -0.020553 -0.084999 0.996169 -1.105100 0.000000 0.000000 0.000000 1.000000
0.999548 -0.024895 0.016824 0.000000 0.023401 0.996202 0.083864 10.052400 -0.018848 -0.083432 0.996335 -1.105100 0.000000 0.000000 0.000000 1.000000
0.999574 -0.024473 0.015911 0.000000 0.023095 0.996388 0.081717 10.052400 -0.017854 -0.081315 0.996529 -1.105100 0.000000 0.000000 0.000000 1.000000
0.999651 -0.021253 0.015677 0.000000 0.019960 0.996719 0.078437 10.052400 -0.017292 -0.078097 0.996796 -1.105100 0.000000 0.000000 0.000000 1.000000
0.999726 -0.017851 0.015122 0.000000 0.016690 0.997138 0.073735 10.052400 -0.016395 -0.073463 0.997163 -1.105100 0.000000 0.000000 0.000000 1.000000
0.999782 -0.015522 0.013964 0.000000 0.014538 0.997575 0.068062 10.052400 -0.014987 -0.067844 0.997583 -1.105100 0.000000 0.000000 0.000000 1.000000
0.999820 -0.013941 0.012876 0.000000 0.013106 0.997938 0.062826 10.052400 -0.013725 -0.062646 0.997941 -1.105100 0.000000 0.000000 0.000000 1.000000
0.999848 -0.012272 0.012358 -0.000000 0.011511 0.998141 0.059854 10.052400 -0.013070 -0.059702 0.998131 -1.105100 0.000000 0.000000 0.000000 1.000000
0.999866 -0.010309 0.012683 0.000000 0.009528 0.998142 0.060186 10.052400 -0.013280 -0.060057 0.998107 -1.105100 0.000000 0.000000 0.000000 1.000000
0.999863 -0.008200 0.014364 0.000000 0.007279 0.997983 0.063060 10.052400 -0.014852 -0.062947 0.997906 -1.105100 0.000000 0.000000 0.000000 1.000000
0.999833 -0.006011 0.017247 0.000000 0.004849 0.997765 0.066645 10.052400 -0.017609 -0.066550 0.997628 -1.105100 0.000000 0.000000 0.000000 1.000000
0.999791 -0.003906 0.020043 0.000000 0.002500 0.997566 0.069681 10.052400 -0.020266 -0.069617 0.997368 -1.105100 0.000000 0.000000 0.000000 1.000000
0.999767 -0.002444 0.021460 -0.000000 0.000901 0.997432 0.071616 10.052400 -0.021580 -0.071580 0.997201 -1.105100 0.000000 0.000000 0.000000 1.000000
0.999775 -0.002308 0.021074 0.000000 0.000785 0.997404 0.072005 10.052400 -0.021186 -0.071972 0.997182 -1.105100 0.000000 0.000000 0.000000 1.000000
0.999802 -0.003193 0.019642 0.000000 0.001796 0.997495 0.070718 10.052400 -0.019819 -0.070669 0.997303 -1.105100 0.000000 0.000000 0.000000 1.000000
0.999822 -0.004028 0.018439 -0.000000 0.002762 0.997668 0.068198 10.052400 -0.018670 -0.068135 0.997501 -1.105100 0.000000 0.000000 0.000000 1.000000
0.999825 -0.004709 0.018132 0.000000 0.003516 0.997861 0.065283 10.052400 -0.018401 -0.065208 0.997702 -1.105100 0.000000 0.000000 0.000000 1.000000
0.999810 -0.005863 0.018598 0.000000 0.004682 0.998010 0.062888 10.052400 -0.018930 -0.062789 0.997847 -1.105100 0.000000 0.000000 0.000000 1.000000
0.999783 -0.007355 0.019515 0.000000 0.006142 0.998086 0.061532 10.052400 -0.019930 -0.061399 0.997914 -1.105100 0.000000 0.000000 0.000000 1.000000
0.999756 -0.007793 0.020660 0.000000 0.006519 0.998116 0.061012 10.052400 -0.021096 -0.060862 0.997923 -1.105100 0.000000 0.000000 0.000000 1.000000</float_array>
        <technique_common>
          <accessor source="#mixamorig12_Spine-Matrix-animation-output-transform-array" count="71" stride="16">
            <param type="float4x4"/>
          </accessor>
        </technique_common>
      </source>
      <source id="mixamorig12_Spine-Interpolations">
        <Name_array id="mixamorig12_Spine-Interpolations-array" count="71">
 LINEAR LINEAR LINEAR LINEAR LINEAR LINEAR LINEAR LINEAR LINEAR LINEAR LINEAR
LINEAR LINEAR LINEAR LINEAR LINEAR LINEAR LINEAR LINEAR LINEAR LINEAR LINEAR LINEAR
LINEAR LINEAR LINEAR LINEAR LINEAR LINEAR LINEAR LINEAR LINEAR LINEAR LINEAR LINEAR
LINEAR LINEAR LINEAR LINEAR LINEAR LINEAR LINEAR LINEAR LINEAR LINEAR LINEAR LINEAR
LINEAR LINEAR LINEAR LINEAR LINEAR LINEAR LINEAR LINEAR LINEAR LINEAR LINEAR LINEAR
LINEAR LINEAR LINEAR LINEAR LINEAR LINEAR LINEAR LINEAR LINEAR LINEAR LINEAR LINEAR</Name_array>
        <technique_common>
          <accessor source="#mixamorig12_Spine-Interpolations-array" count="71">
            <param type="name"/>
          </accessor>
        </technique_common>
      </source>
      <sampler id="mixamorig12_Spine-Matrix-animation-transform">
        <input semantic="INPUT" source="#mixamorig12_Spine-Matrix-animation-input"/>
        <input semantic="OUTPUT" source="#mixamorig12_Spine-Matrix-animation-output-transform"/>
        <input semantic="INTERPOLATION" source="#mixamorig12_Spine-Interpolations"/>
      </sampler>
      <channel source="#mixamorig12_Spine-Matrix-animation-transform" target="mixamorig12_Spine/matrix"/>
    </animation>
    <animation id="mixamorig12_Spine1-anim" name="mixamorig12_Spine1">
      <source id="mixamorig12_Spine1-Matrix-animation-input">
        <float_array id="mixamorig12_Spine1-Matrix-animation-input-array" count="71">

0.000000 0.033333 0.066667 0.100000 0.133333 0.166667 0.200000 0.233333 0.266667 0.300000 0.333333 0.366667 0.400000 0.433333 0.466667 0.500000
0.533333 0.566667 0.600000 0.633333 0.666667 0.700000 0.733333 0.766667 0.800000 0.833333 0.866667 0.900000 0.933333 0.966667 1.000000 1.033333
1.066667 1.100000 1.133333 1.166667 1.200000 1.233333 1.266667 1.300000 1.333333 1.366667 1.400000 1.433333 1.466667 1.500000 1.533333 1.566667
1.600000 1.633333 1.666667 1.700000 1.733333 1.766667 1.800000 1.833333 1.866667 1.900000 1.933333 1.966667 2.000000 2.033333 2.066667 2.100000
2.133333 2.166667 2.200000 2.233333 2.266667 2.300000 2.333333</float_array>
        <technique_common>
          <accessor source="#mixamorig12_Spine1-Matrix-animation-input-array" count="71">
            <param name="TIME" type="float"/>
          </accessor>
        </technique_common>
      </source>
      <source id="mixamorig12_Spine1-Matrix-animation-output-transform">
        <float_array id="mixamorig12_Spine1-Matrix-animation-output-transform-array" count="1136">

0.998352 0.029332 0.049316 0.000000 -0.024333 0.994781 -0.099092 11.798400 -0.051965 0.097728 0.993856 0.000000 0.000000 0.000000 0.000000 1.000000
0.999019 0.024988 0.036550 0.000000 -0.021619 0.995721 -0.089850 11.798400 -0.038639 0.088971 0.995284 -0.000000 0.000000 0.000000 0.000000 1.000000
0.999530 0.024258 0.018732 0.000000 -0.022639 0.996353 -0.082265 11.798400 -0.020659 0.081802 0.996434 0.000000 0.000000 0.000000 0.000000 1.000000
0.999466 0.031242 0.009545 -0.000000 -0.030444 0.996742 -0.074693 11.798400 -0.011847 0.074363 0.997161 0.000000 0.000000 0.000000 0.000000 1.000000
0.998637 0.046821 0.023062 0.000000 -0.045230 0.996842 -0.065270 11.798400 -0.026045 0.064138 0.997601 0.000000 0.000000 0.000000 0.000000 1.000000
0.995403 0.069884 0.065487 0.000000 -0.066405 0.996337 -0.053878 11.798400 -0.069013 0.049281 0.996398 0.000000 0.000000 0.000000 0.000000 1.000000
0.987747 0.093104 0.125253 0.000000 -0.087823 0.995024 -0.047056 11.798400 -0.129011 0.035480 0.991008 -0.000000 0.000000 0.000000 0.000000 1.000000
0.978499 0.106251 0.176779 0.000000 -0.098723 0.993814 -0.050878 11.798400 -0.181091 0.032332 0.982935 0.000000 0.000000 0.000000 0.000000 1.000000
0.971042 0.106552 0.213832 0.000000 -0.094428 0.993331 -0.066165 11.798400 -0.219456 0.044058 0.974627 0.000000 0.000000 0.000000 0.000000 1.000000
0.967424 0.092923 0.235489 -0.000000 -0.074109 0.993400 -0.087542 11.798400 -0.242070 0.067238 0.967926 -0.000000 0.000000 0.000000 0.000000 1.000000
0.965575 0.071482 0.250112 -0.000000 -0.046969 0.993609 -0.102644 11.798400 -0.255850 0.087363 0.962761 0.000000 0.000000 0.000000 0.000000 1.000000
0.962475 0.052735 0.266197 0.000000 -0.025092 0.994028 -0.106199 11.798400 -0.270208 0.095535 0.958051 0.000000 0.000000 0.000000 0.000000 1.000000
0.958325 0.042129 0.282558 0.000000 -0.014058 0.994823 -0.100647 11.798400 -0.285335 0.092480 0.953956 0.000000 0.000000 0.000000 0.000000 1.000000
0.956443 0.037124 0.289548 0.000000 -0.012410 0.996155 -0.086729 11.798400 -0.291655 0.079358 0.953226 0.000000 0.000000 0.000000 0.000000 1.000000
0.959931 0.034437 0.278111 0.000000 -0.017473 0.997845 -0.063247 11.798400 -0.279690 0.055853 0.958464 0.000000 0.000000 0.000000 0.000000 1.000000
0.967983 0.032096 0.248955 0.000000 -0.024580 0.999145 -0.033243 11.798400 -0.249809 0.026060 0.967944 0.000000 0.000000 0.000000 0.000000 1.000000
0.976917 0.025083 0.212143 0.000000 -0.024161 0.999684 -0.006938 11.798400 -0.212250 0.001652 0.977214 0.000000 0.000000 0.000000 0.000000 1.000000
0.984214 0.009860 0.176706 0.000000 -0.010348 0.999945 0.001841 11.798400 -0.176678 -0.003640 0.984262 0.000000 0.000000 0.000000 0.000000 1.000000
0.990576 -0.000832 0.136960 0.000000 0.002554 0.999920 -0.012393 11.798400 -0.136938 0.012626 0.990499 0.000000 0.000000 0.000000 0.000000 1.000000
0.997195 0.001214 0.074831 0.000000 0.001252 0.999458 -0.032891 11.798400 -0.074830 0.032892 0.996654 -0.000000 0.000000 0.000000 0.000000 1.000000
0.999934 0.004256 -0.010668 0.000000 -0.004657 0.999271 -0.037886 11.798400 0.010499 0.037934 0.999225 0.000000 0.000000 0.000000 0.000000 1.000000
0.996399 -0.001547 -0.084775 0.000000 -0.000703 0.999648 -0.026512 11.798400 0.084786 0.026476 0.996047 0.000000 0.000000 0.000000 0.000000 1.000000
0.993954 -0.010624 -0.109278 0.000000 0.008800 0.999814 -0.017164 11.798400 0.109440 0.016099 0.993863 0.000000 0.000000 0.000000 0.000000 1.000000
0.996229 -0.013075 -0.085767 -0.000000 0.011364 0.999727 -0.020406 11.798400 0.086011 0.019355 0.996106 -0.000000 0.000000 0.000000 0.000000 1.000000
0.998505 -0.011644 -0.053413 -0.000000 0.010044 0.999496 -0.030117 11.798400 0.053737 0.029536 0.998118 0.000000 0.000000 0.000000 0.000000 1.000000
0.998865 -0.013693 -0.045613 0.000000 0.012155 0.999353 -0.033838 11.798400 0.046047 0.033246 0.998386 0.000000 0.000000 0.000000 0.000000 1.000000
0.998018 -0.017480 -0.060458 0.000000 0.015667 0.999417 -0.030327 11.798400 0.060952 0.029319 0.997710 0.000000 0.000000 0.000000 0.000000 1.000000
0.996727 -0.017941 -0.078820 -0.000000 0.015962 0.999543 -0.025668 11.798400 0.079245 0.024326 0.996558 0.000000 0.000000 0.000000 0.000000 1.000000
0.995453 -0.013974 -0.094222 0.000000 0.011864 0.999667 -0.022925 11.798400 0.094511 0.021703 0.995287 -0.000000 0.000000 0.000000 0.000000 1.000000
0.993387 -0.005759 -0.114673 0.000000 0.003148 0.999732 -0.022941 11.798400 0.114775 0.022428 0.993138 0.000000 0.000000 0.000000 0.000000 1.000000
0.990053 0.007264 -0.140505 -0.000000 -0.010973 0.999611 -0.025644 11.798400 0.140264 0.026930 0.989748 0.000000 0.000000 0.000000 0.000000 1.000000
0.987593 0.021134 -0.155606 0.000000 -0.025755 0.999283 -0.027743 11.798400 0.154909 0.031406 0.987429 0.000000 0.000000 0.000000 0.000000 1.000000
0.989486 0.030002 -0.141483 0.000000 -0.033956 0.999095 -0.025620 11.798400 0.140586 0.030155 0.989609 -0.000000 0.000000 0.000000 0.000000 1.000000
0.995143 0.039009 -0.090386 -0.000000 -0.041283 0.998873 -0.023428 11.798400 0.089370 0.027046 0.995631 0.000000 0.000000 0.000000 0.000000 1.000000
0.998521 0.053027 -0.011977 0.000000 -0.053369 0.998114 -0.030339 11.798400 0.010345 0.030934 0.999468 -0.000000 0.000000 0.000000 0.000000 1.000000
0.995314 0.064494 0.072047 0.000000 -0.061233 0.997036 -0.046588 11.798400 -0.074838 0.041958 0.996313 0.000000 0.000000 0.000000 0.000000 1.000000
0.988645 0.061483 0.137120 -0.000000 -0.053347 0.996634 -0.062243 11.798400 -0.140485 0.054221 0.988597 0.000000 0.000000 0.000000 0.000000 1.000000
0.984805 0.045225 0.167673 0.000000 -0.033594 0.996870 -0.071572 11.798400 -0.170385 0.064852 0.983241 0.000000 0.000000 0.000000 0.000000 1.000000
0.985459 0.030540 0.167145 -0.000000 -0.017453 0.996705 -0.079211 11.798400 -0.169013 0.075142 0.982745 0.000000 0.000000 0.000000 0.000000 1.000000
0.987408 0.025928 0.156053 0.000000 -0.012599 0.996232 -0.085806 11.798400 -0.157690 0.082759 0.984015 0.000000 0.000000 0.000000 0.000000 1.000000
0.988139 0.026524 0.151256 0.000000 -0.013297 0.996050 -0.087797 11.798400 -0.152987 0.084745 0.984588 -0.000000 0.000000 0.000000 0.000000 1.000000
0.987843 0.027078 0.153080 0.000000 -0.014063 0.996241 -0.085472 11.798400 -0.154819 0.082280 0.984510 -0.000000 0.000000 0.000000 0.000000 1.000000
0.988149 0.024745 0.151493 0.000000 -0.012454 0.996591 -0.081553 11.798400 -0.152995 0.078700 0.985088 0.000000 0.000000 0.000000 0.000000 1.000000
0.989780 0.020999 0.141046 -0.000000 -0.010069 0.996921 -0.077766 11.798400 -0.142245 0.075551 0.986944 0.000000 0.000000 0.000000 0.000000 1.000000
0.991823 0.019444 0.126132 0.000000 -0.010361 0.997331 -0.072275 11.798400 -0.127201 0.070377 0.989377 0.000000 0.000000 0.000000 0.000000 1.000000
0.993498 0.021715 0.111758 0.000000 -0.014575 0.997823 -0.064319 11.798400 -0.112911 0.062272 0.991652 0.000000 0.000000 0.000000 0.000000 1.000000
0.994905 0.026190 0.097353 -0.000000 -0.020704 0.998163 -0.056942 11.798400 -0.098666 0.054636 0.993620 0.000000 0.000000 0.000000 0.000000 1.000000
0.996200 0.030300 0.081650 0.000000 -0.026068 0.998285 -0.052411 11.798400 -0.083098 0.050084 0.995282 -0.000000 0.000000 0.000000 0.000000 1.000000
0.997184 0.032967 0.067354 0.000000 -0.029625 0.998308 -0.050030 11.798400 -0.068889 0.047893 0.996474 0.000000 0.000000 0.000000 0.000000 1.000000
0.997752 0.034557 0.057417 0.000000 -0.031744 0.998285 -0.049191 11.798400 -0.059018 0.047258 0.997138 0.000000 0.000000 0.000000 0.000000 1.000000
0.998096 0.034621 0.051040 0.000000 -0.032061 0.998227 -0.050155 11.798400 -0.052686 0.048423 0.997436 0.000000 0.000000 0.000000 0.000000 1.000000
0.998426 0.031630 0.046312 0.000000 -0.029197 0.998204 -0.052304 11.798400 -0.047883 0.050870 0.997557 0.000000 0.000000 0.000000 0.000000 1.000000
0.998755 0.025418 0.042916 0.000000 -0.023047 0.998228 -0.054866 11.798400 -0.044234 0.053808 0.997571 0.000000 0.000000 0.000000 0.000000 1.000000
0.998973 0.019091 0.041101 0.000000 -0.016674 0.998156 -0.058369 11.798400 -0.042139 0.057623 0.997449 -0.000000 0.000000 0.000000 0.000000 1.000000
0.999050 0.016399 0.040376 0.000000 -0.013784 0.997841 -0.064213 11.798400 -0.041342 0.063596 0.997119 0.000000 0.000000 0.000000 0.000000 1.000000
0.999068 0.017604 0.039409 0.000000 -0.014685 0.997210 -0.073185 11.798400 -0.040588 0.072538 0.996539 -0.000000 0.000000 0.000000 0.000000 1.000000
0.999093 0.019942 0.037631 0.000000 -0.016710 0.996298 -0.084324 11.798400 -0.039173 0.083619 0.995728 0.000000 0.000000 0.000000 0.000000 1.000000
0.999119 0.021705 0.035924 -0.000000 -0.018218 0.995341 -0.094680 11.798400 -0.037812 0.093942 0.994859 0.000000 0.000000 0.000000 0.000000 1.000000
0.999108 0.023712 0.034928 0.000000 -0.020093 0.994729 -0.100552 11.798400 -0.037128 0.099760 0.994319 0.000000 0.000000 0.000000 0.000000 1.000000
0.999015 0.027032 0.035179 0.000000 -0.023399 0.994724 -0.099882 11.798400 -0.037694 0.098960 0.994377 0.000000 0.000000 0.000000 0.000000 1.000000
0.998799 0.031192 0.037778 0.000000 -0.027516 0.995171 -0.094216 11.798400 -0.040534 0.093064 0.994835 0.000000 0.000000 0.000000 0.000000 1.000000
0.998487 0.034893 0.042493 0.000000 -0.031085 0.995707 -0.087181 11.798400 -0.045352 0.085729 0.995286 -0.000000 0.000000 0.000000 0.000000 1.000000
0.998195 0.037394 0.046984 -0.000000 -0.033494 0.996133 -0.081219 11.798400 -0.049839 0.079499 0.995588 -0.000000 0.000000 0.000000 0.000000 1.000000
0.998063 0.038403 0.048946 0.000000 -0.034544 0.996402 -0.077400 11.798400 -0.051743 0.075559 0.995798 0.000000 0.000000 0.000000 0.000000 1.000000
0.998150 0.037661 0.047739 -0.000000 -0.033933 0.996482 -0.076626 11.798400 -0.050456 0.074864 0.995916 0.000000 0.000000 0.000000 0.000000 1.000000
0.998351 0.035840 0.044842 0.000000 -0.032210 0.996338 -0.079201 11.798400 -0.047516 0.077626 0.995850 -0.000000 0.000000 0.000000 0.000000 1.000000
0.998505 0.034244 0.042604 0.000000 -0.030562 0.995975 -0.084262 11.798400 -0.045318 0.082834 0.995532 0.000000 0.000000 0.000000 0.000000 1.000000
0.998563 0.032960 0.042267 0.000000 -0.029043 0.995506 -0.090139 11.798400 -0.045048 0.088782 0.995032 -0.000000 0.000000 0.000000 0.000000 1.000000
0.998566 0.031114 0.043574 0.000000 -0.026861 0.995115 -0.094998 11.798400 -0.046317 0.093692 0.994523 0.000000 0.000000 0.000000 0.000000 1.000000
0.998533 0.028907 0.045782 -0.000000 -0.024319 0.994911 -0.097784 11.798400 -0.048376 0.096527 0.994154 0.000000 0.000000 0.000000 0.000000 1.000000
0.998433 0.028364 0.048230 0.000000 -0.023484 0.994822 -0.098884 11.798400 -0.050785 0.097596 0.993930 0.000000 0.000000 0.000000 0.000000 1.000000</float_array>
        <technique_common>
          <accessor source="#mixamorig12_Spine1-Matrix-animation-output-transform-array" count="71" stride="16">
            <param type="float4x4"/>
          </accessor>
        </technique_common>
      </source>
      <source id="mixamorig12_Spine1-Interpolations">
        <Name_array id="mixamorig12_Spine1-Interpolations-array" count="71">
 LINEAR LINEAR LINEAR LINEAR LINEAR LINEAR LINEAR LINEAR LINEAR LINEAR LINEAR
LINEAR LINEAR LINEAR LINEAR LINEAR LINEAR LINEAR LINEAR LINEAR LINEAR LINEAR LINEAR
LINEAR LINEAR LINEAR LINEAR LINEAR LINEAR LINEAR LINEAR LINEAR LINEAR LINEAR LINEAR
LINEAR LINEAR LINEAR LINEAR LINEAR LINEAR LINEAR LINEAR LINEAR LINEAR LINEAR LINEAR
LINEAR LINEAR LINEAR LINEAR LINEAR LINEAR LINEAR LINEAR LINEAR LINEAR LINEAR LINEAR
