<?xml version="1.0" encoding="utf-8"?>
<COLLADA xmlns="http://www.collada.org/2005/11/COLLADASchema" version="1.4.1">
  <asset>
    <contributor>
      <author>Mixamo</author>
      <authoring_tool>COLLADA Mixamo exporter</authoring_tool>
      <comments/>
    </contributor>
    <created>2025-06-03T14:59:33Z</created>
    <modified>2025-06-03T14:59:33Z</modified>
    <revision/>
    <title/>
    <unit meter="0.010000"/>
    <up_axis>Y_UP</up_axis>
  </asset>
  <library_animations>
    <animation id="mixamorig12_Hips-anim" name="mixamorig12_Hips">
      <source id="mixamorig12_Hips-Matrix-animation-input">
        <float_array id="mixamorig12_Hips-Matrix-animation-input-array" count="135">

0.000000 0.033333 0.066667 0.100000 0.133333 0.166667 0.200000 0.233333 0.266667 0.300000 0.333333 0.366667 0.400000 0.433333 0.466667 0.500000
0.533333 0.566667 0.600000 0.633333 0.666667 0.700000 0.733333 0.766667 0.800000 0.833333 0.866667 0.900000 0.933333 0.966667 1.000000 1.033333
1.066667 1.100000 1.133333 1.166667 1.200000 1.233333 1.266667 1.300000 1.333333 1.366667 1.400000 1.433333 1.466667 1.500000 1.533333 1.566667
1.600000 1.633333 1.666667 1.700000 1.733333 1.766667 1.800000 1.833333 1.866667 1.900000 1.933333 1.966667 2.000000 2.033333 2.066667 2.100000
2.133333 2.166667 2.200000 2.233333 2.266667 2.300000 2.333333 2.366667 2.400000 2.433333 2.466667 2.500000 2.533333 2.566667 2.600000 2.633333
2.666667 2.700000 2.733333 2.766667 2.800000 2.833333 2.866667 2.900000 2.933333 2.966667 3.000000 3.033333 3.066667 3.100000 3.133333 3.166667
3.200000 3.233333 3.266667 3.300000 3.333333 3.366667 3.400000 3.433333 3.466667 3.500000 3.533333 3.566667 3.600000 3.633333 3.666667 3.700000
3.733333 3.766667 3.800000 3.833333 3.866667 3.900000 3.933333 3.966667 4.000000 4.033333 4.066667 4.100000 4.133333 4.166667 4.200000 4.233333
4.266667 4.300000 4.333333 4.366667 4.400000 4.433333 4.466667</float_array>
        <technique_common>
          <accessor source="#mixamorig12_Hips-Matrix-animation-input-array" count="135">
            <param name="TIME" type="float"/>
          </accessor>
        </technique_common>
      </source>
      <source id="mixamorig12_Hips-Matrix-animation-output-transform">
        <float_array id="mixamorig12_Hips-Matrix-animation-output-transform-array" count="2160">

0.605800 0.111256 -0.787800 -1.364021 0.016130 0.988254 0.151968 86.672356 0.795453 -0.104770 0.596890 -1.216772 0.000000 0.000000 0.000000 1.000000
0.601242 0.116648 -0.790507 -1.302747 0.016110 0.987317 0.157942 86.699791 0.798904 -0.107696 0.591738 -0.988090 0.000000 0.000000 0.000000 1.000000
0.596173 0.121890 -0.793549 -1.192299 0.016024 0.986405 0.163550 86.857193 0.802696 -0.110220 0.586115 -0.659112 0.000000 0.000000 0.000000 1.000000
0.590427 0.123957 -0.797515 -0.990102 0.015250 0.986246 0.164581 87.220329 0.806947 -0.109335 0.580416 -0.165711 0.000000 0.000000 0.000000 1.000000
0.583763 0.125840 -0.802113 -0.725706 0.013856 0.986228 0.164809 87.675949 0.811806 -0.107323 0.573980 0.434476 0.000000 0.000000 0.000000 1.000000
0.578086 0.121040 -0.806949 -0.454739 0.013259 0.987413 0.157608 88.143112 0.815868 -0.101810 0.569204 1.001822 0.000000 0.000000 0.000000 1.000000
0.572663 0.117596 -0.811312 -0.160904 0.013069 0.988223 0.152464 88.532852 0.819686 -0.097913 0.564382 1.612806 0.000000 0.000000 0.000000 1.000000
0.568144 0.112540 -0.815197 0.156824 0.012554 0.989304 0.145326 88.785492 0.822833 -0.092800 0.560655 2.225352 0.000000 0.000000 0.000000 1.000000
0.563329 0.107223 -0.819246 0.479712 0.014886 0.990066 0.139815 88.902611 0.826099 -0.090957 0.556136 2.822714 0.000000 0.000000 0.000000 1.000000
0.559577 0.104722 -0.822135 0.758067 0.016984 0.990327 0.137706 88.854225 0.828604 -0.091020 0.552386 3.364721 0.000000 0.000000 0.000000 1.000000
0.557175 0.102930 -0.823991 0.990695 0.018626 0.990489 0.136323 88.663696 0.830186 -0.091304 0.549958 3.835371 0.000000 0.000000 0.000000 1.000000
0.556482 0.102743 -0.824482 1.161700 0.020010 0.990380 0.136922 88.362328 0.830618 -0.092692 0.549073 4.209086 0.000000 0.000000 0.000000 1.000000
0.557471 0.104006 -0.823656 1.271527 0.022452 0.989870 0.140190 87.985435 0.829893 -0.096645 0.549488 4.500842 0.000000 0.000000 0.000000 1.000000
0.558913 0.105259 -0.822518 1.317804 0.024108 0.989429 0.143001 87.578331 0.828876 -0.099754 0.550467 4.662990 0.000000 0.000000 0.000000 1.000000
0.561479 0.108132 -0.820396 1.295014 0.025738 0.988664 0.147926 87.199921 0.827091 -0.104172 0.552330 4.717679 0.000000 0.000000 0.000000 1.000000
0.565680 0.111336 -0.817074 1.202346 0.027065 0.987803 0.153337 86.884918 0.824181 -0.108854 0.555767 4.638848 0.000000 0.000000 0.000000 1.000000
0.570695 0.113691 -0.813253 1.072852 0.027664 0.987145 0.157414 86.667816 0.820696 -0.112333 0.560214 4.457733 0.000000 0.000000 0.000000 1.000000
0.576705 0.115145 -0.808797 0.897109 0.026767 0.986823 0.159576 86.577850 0.816514 -0.113677 0.566023 4.180933 0.000000 0.000000 0.000000 1.000000
0.580695 0.115778 -0.805846 0.703074 0.026122 0.986677 0.160581 86.731888 0.813702 -0.114299 0.569934 3.787222 0.000000 0.000000 0.000000 1.000000
0.582981 0.112269 -0.804692 0.534183 0.025761 0.987355 0.156417 86.994980 0.812078 -0.111918 0.572717 3.335867 0.000000 0.000000 0.000000 1.000000
0.584608 0.108178 -0.804072 0.345319 0.024632 0.988247 0.150866 87.345406 0.810942 -0.108003 0.575073 2.800341 0.000000 0.000000 0.000000 1.000000
0.587140 0.103388 -0.802856 0.141868 0.022062 0.989398 0.143544 87.733749 0.809185 -0.101993 0.578634 2.232054 0.000000 0.000000 0.000000 1.000000
0.589649 0.099646 -0.801489 -0.050097 0.020854 0.990151 0.138443 88.093475 0.807390 -0.098348 0.581763 1.657302 0.000000 0.000000 0.000000 1.000000
0.591678 0.096309 -0.800401 -0.238539 0.019977 0.990782 0.133984 88.374222 0.805927 -0.095265 0.584300 1.084546 0.000000 0.000000 0.000000 1.000000
0.593948 0.094724 -0.798907 -0.423125 0.019510 0.991056 0.132011 88.531555 0.804266 -0.093995 0.586788 0.531279 0.000000 0.000000 0.000000 1.000000
0.596509 0.093764 -0.797110 -0.578141 0.019003 0.991224 0.130818 88.550507 0.802381 -0.093182 0.589493 0.007605 0.000000 0.000000 0.000000 1.000000
0.599502 0.092935 -0.794959 -0.703339 0.018129 0.991404 0.129572 88.420433 0.800168 -0.092091 0.592664 -0.460923 0.000000 0.000000 0.000000 1.000000
0.602241 0.094839 -0.792661 -0.811812 0.017267 0.991138 0.131706 88.143272 0.798127 -0.093006 0.595267 -0.881225 0.000000 0.000000 0.000000 1.000000
0.604899 0.099256 -0.790092 -0.919248 0.016558 0.990419 0.137100 87.789474 0.796130 -0.096014 0.597460 -1.231031 0.000000 0.000000 0.000000 1.000000
0.607262 0.102877 -0.787813 -0.998693 0.017455 0.989614 0.142684 87.408699 0.794310 -0.100397 0.599160 -1.474619 0.000000 0.000000 0.000000 1.000000
0.611361 0.108496 -0.783879 -1.078146 0.019330 0.988214 0.151854 87.064865 0.791116 -0.107991 0.602058 -1.602381 0.000000 0.000000 0.000000 1.000000
0.614434 0.112404 -0.780920 -1.133543 0.021089 0.987106 0.158675 86.767540 0.788686 -0.113965 0.604141 -1.674135 0.000000 0.000000 0.000000 1.000000
0.615820 0.115654 -0.779352 -1.152390 0.022824 0.986134 0.164374 86.577301 0.787556 -0.119013 0.604641 -1.652539 0.000000 0.000000 0.000000 1.000000
0.616213 0.117729 -0.778731 -1.119296 0.023856 0.985521 0.167869 86.511131 0.787218 -0.122020 0.604482 -1.538978 0.000000 0.000000 0.000000 1.000000
0.614832 0.118667 -0.779679 -1.059631 0.025834 0.985054 0.170297 86.599930 0.788235 -0.124846 0.602578 -1.322264 0.000000 0.000000 0.000000 1.000000
0.611498 0.116990 -0.782549 -0.941489 0.025020 0.985655 0.166905 86.839584 0.790850 -0.121642 0.599799 -1.017256 0.000000 0.000000 0.000000 1.000000
0.608105 0.116493 -0.785263 -0.790341 0.023350 0.986122 0.164372 87.188385 0.793513 -0.118291 0.596946 -0.643176 0.000000 0.000000 0.000000 1.000000
0.604736 0.114370 -0.788171 -0.612778 0.021180 0.986976 0.159469 87.581078 0.796145 -0.113130 0.594437 -0.189462 0.000000 0.000000 0.000000 1.000000
0.600993 0.112150 -0.791347 -0.425445 0.019964 0.987691 0.155138 87.980812 0.799005 -0.109035 0.591356 0.318820 0.000000 0.000000 0.000000 1.000000
0.596628 0.109240 -0.795048 -0.218655 0.019162 0.988471 0.150196 88.342773 0.802289 -0.104846 0.587656 0.854822 0.000000 0.000000 0.000000 1.000000
0.591947 0.107509 -0.798774 -0.017595 0.019298 0.988889 0.147398 88.622757 0.805746 -0.102667 0.583295 1.398816 0.000000 0.000000 0.000000 1.000000
0.587292 0.104134 -0.802648 0.191643 0.019459 0.989586 0.142625 88.797081 0.809141 -0.099381 0.579150 1.932971 0.000000 0.000000 0.000000 1.000000
0.583256 0.102699 -0.805770 0.381149 0.020062 0.989851 0.140683 88.843681 0.812041 -0.098220 0.575276 2.428656 0.000000 0.000000 0.000000 1.000000
0.577877 0.102880 -0.809613 0.559032 0.020561 0.989873 0.140462 88.763748 0.815865 -0.097816 0.569910 2.850686 0.000000 0.000000 0.000000 1.000000
0.572363 0.102825 -0.813528 0.709961 0.022633 0.989748 0.141021 88.562019 0.819688 -0.099128 0.564168 3.208535 0.000000 0.000000 0.000000 1.000000
0.566535 0.100545 -0.817881 0.855641 0.024819 0.989996 0.138895 88.253204 0.823664 -0.098988 0.558372 3.481336 0.000000 0.000000 0.000000 1.000000
0.562173 0.101338 -0.820788 0.953655 0.026492 0.989748 0.140343 87.908371 0.826595 -0.100642 0.553725 3.686615 0.000000 0.000000 0.000000 1.000000
0.559553 0.104676 -0.822158 0.987212 0.026550 0.989219 0.144015 87.551720 0.828369 -0.102413 0.550741 3.804939 0.000000 0.000000 0.000000 1.000000
0.559239 0.108506 -0.821875 0.961830 0.026431 0.988560 0.148497 87.236877 0.828585 -0.104768 0.549973 3.851971 0.000000 0.000000 0.000000 1.000000
0.560135 0.112316 -0.820752 0.887995 0.027066 0.987756 0.153640 87.001839 0.827959 -0.108274 0.550237 3.817332 0.000000 0.000000 0.000000 1.000000
0.561704 0.115321 -0.819262 0.774901 0.027866 0.987039 0.158043 86.854851 0.826869 -0.111603 0.551210 3.691827 0.000000 0.000000 0.000000 1.000000
0.564851 0.115959 -0.817005 0.624150 0.029237 0.986643 0.160250 86.834839 0.824675 -0.114404 0.553916 3.487426 0.000000 0.000000 0.000000 1.000000
0.568301 0.115399 -0.814688 0.470057 0.030174 0.986528 0.160788 86.914482 0.822267 -0.115958 0.557162 3.244047 0.000000 0.000000 0.000000 1.000000
0.571946 0.114012 -0.812330 0.328561 0.031286 0.986541 0.160491 87.137703 0.819695 -0.117206 0.560681 2.926479 0.000000 0.000000 0.000000 1.000000
0.575623 0.108951 -0.810424 0.211212 0.031916 0.987335 0.155403 87.453285 0.817092 -0.115319 0.564856 2.519792 0.000000 0.000000 0.000000 1.000000
0.579357 0.104335 -0.808369 0.090566 0.033576 0.987876 0.151567 87.817032 0.814382 -0.114954 0.568830 2.094768 0.000000 0.000000 0.000000 1.000000
0.581715 0.097085 -0.807578 -0.007440 0.033357 0.989169 0.142943 88.169930 0.812708 -0.110091 0.572176 1.603561 0.000000 0.000000 0.000000 1.000000
0.584203 0.092229 -0.806350 -0.116888 0.034069 0.989860 0.137902 88.505325 0.810892 -0.108034 0.575137 1.084295 0.000000 0.000000 0.000000 1.000000
0.586471 0.089762 -0.804981 -0.242265 0.034708 0.990142 0.135696 88.781029 0.809226 -0.107521 0.577574 0.548617 0.000000 0.000000 0.000000 1.000000
0.589686 0.087041 -0.802929 -0.358476 0.034436 0.990562 0.132671 88.943954 0.806898 -0.105884 0.581123 0.012378 0.000000 0.000000 0.000000 1.000000
0.594388 0.086594 -0.799503 -0.452283 0.033802 0.990617 0.132423 88.958778 0.803468 -0.105735 0.585883 -0.520532 0.000000 0.000000 0.000000 1.000000
0.599513 0.090034 -0.795285 -0.568506 0.030061 0.990419 0.134786 88.835472 0.799800 -0.104713 0.591062 -1.028296 0.000000 0.000000 0.000000 1.000000
0.604290 0.091983 -0.791437 -0.664083 0.030103 0.989969 0.138042 88.615463 0.796195 -0.107242 0.595459 -1.438635 0.000000 0.000000 0.000000 1.000000
0.607138 0.096350 -0.788733 -0.756958 0.029774 0.989166 0.143754 88.310600 0.794038 -0.110762 0.597692 -1.815013 0.000000 0.000000 0.000000 1.000000
0.608029 0.099284 -0.787682 -0.826605 0.028190 0.988824 0.146398 87.970863 0.793414 -0.111219 0.598435 -2.112043 0.000000 0.000000 0.000000 1.000000
0.609292 0.101710 -0.786395 -0.880915 0.025832 0.988667 0.147886 87.662567 0.792525 -0.110420 0.599760 -2.320269 0.000000 0.000000 0.000000 1.000000
0.609562 0.105365 -0.785705 -0.932278 0.025156 0.988058 0.152017 87.458740 0.792339 -0.112429 0.599632 -2.420692 0.000000 0.000000 0.000000 1.000000
0.609772 0.108656 -0.785094 -0.964782 0.024588 0.987488 0.155765 87.361084 0.792195 -0.114285 0.599471 -2.413389 0.000000 0.000000 0.000000 1.000000
0.609779 0.112052 -0.784610 -0.975825 0.024630 0.986798 0.160069 87.385696 0.792188 -0.116932 0.598970 -2.291237 0.000000 0.000000 0.000000 1.000000
0.609573 0.114492 -0.784418 -0.959745 0.024837 0.986271 0.163255 87.516891 0.792341 -0.118998 0.598361 -2.064728 0.000000 0.000000 0.000000 1.000000
0.607986 0.114656 -0.785626 -0.891222 0.024102 0.986396 0.162609 87.759880 0.793582 -0.117799 0.596951 -1.750161 0.000000 0.000000 0.000000 1.000000
0.604728 0.112594 -0.788433 -0.782168 0.022728 0.987114 0.158399 88.080559 0.796108 -0.113708 0.594376 -1.356873 0.000000 0.000000 0.000000 1.000000
0.600821 0.111361 -0.791589 -0.629649 0.022551 0.987494 0.156037 88.454094 0.799066 -0.111601 0.590796 -0.881872 0.000000 0.000000 0.000000 1.000000
0.598313 0.107583 -0.794008 -0.409072 0.020860 0.988518 0.149656 88.809235 0.800991 -0.106105 0.589198 -0.343224 0.000000 0.000000 0.000000 1.000000
0.593624 0.105644 -0.797778 -0.197439 0.020429 0.989048 0.146174 89.138397 0.804483 -0.103070 0.584964 0.260383 0.000000 0.000000 0.000000 1.000000
0.587516 0.103291 -0.802593 0.026637 0.020620 0.989587 0.142451 89.365265 0.808950 -0.100241 0.579269 0.847396 0.000000 0.000000 0.000000 1.000000
0.581978 0.106678 -0.806177 0.192869 0.019048 0.989298 0.144660 89.495209 0.812981 -0.099545 0.573718 1.423606 0.000000 0.000000 0.000000 1.000000
0.575960 0.110384 -0.809991 0.343249 0.017873 0.988904 0.147476 89.501602 0.817283 -0.099417 0.567596 1.978721 0.000000 0.000000 0.000000 1.000000
0.569027 0.112694 -0.814560 0.495761 0.018509 0.988559 0.149696 89.385208 0.822110 -0.100258 0.560431 2.477476 0.000000 0.000000 0.000000 1.000000
0.563768 0.115362 -0.817837 0.610424 0.019205 0.988099 0.152617 89.179222 0.825710 -0.101747 0.554843 2.928638 0.000000 0.000000 0.000000 1.000000
0.560707 0.116175 -0.819824 0.701945 0.020107 0.987906 0.153745 88.876282 0.827770 -0.102690 0.551590 3.290913 0.000000 0.000000 0.000000 1.000000
0.558993 0.118360 -0.820681 0.762034 0.022060 0.987286 0.157413 88.525551 0.828879 -0.106097 0.549275 3.546913 0.000000 0.000000 0.000000 1.000000
0.556432 0.118025 -0.822468 0.859855 0.024590 0.987087 0.158284 88.066910 0.830529 -0.108299 0.546345 3.691963 0.000000 0.000000 0.000000 1.000000
0.555794 0.118066 -0.822893 0.921865 0.026367 0.986862 0.159400 87.692108 0.830902 -0.110291 0.545379 3.736678 0.000000 0.000000 0.000000 1.000000
0.555757 0.117729 -0.822966 0.961605 0.027533 0.986773 0.159755 87.425674 0.830889 -0.111444 0.545165 3.699168 0.000000 0.000000 0.000000 1.000000
0.557602 0.117644 -0.821730 0.954222 0.028019 0.986675 0.160271 87.286736 0.829636 -0.112392 0.546876 3.524024 0.000000 0.000000 0.000000 1.000000
0.559919 0.115692 -0.820430 0.903835 0.028228 0.986965 0.158440 87.281425 0.828066 -0.111873 0.549355 3.214179 0.000000 0.000000 0.000000 1.000000
0.563498 0.111476 -0.818561 0.803523 0.030017 0.987437 0.155138 87.444916 0.825572 -0.111991 0.553073 2.788200 0.000000 0.000000 0.000000 1.000000
0.567224 0.107093 -0.816571 0.645125 0.029964 0.988169 0.150412 87.754013 0.823018 -0.109785 0.557305 2.304641 0.000000 0.000000 0.000000 1.000000
0.571944 0.101045 -0.814045 0.481743 0.029524 0.989205 0.143530 88.120544 0.819761 -0.106125 0.562787 1.792522 0.000000 0.000000 0.000000 1.000000
0.576561 0.093707 -0.811663 0.325187 0.028512 0.990489 0.134606 88.458931 0.816556 -0.100751 0.568406 1.237977 0.000000 0.000000 0.000000 1.000000
0.580140 0.087474 -0.809806 0.162615 0.026980 0.991607 0.126441 88.730247 0.814070 -0.095202 0.572911 0.663602 0.000000 0.000000 0.000000 1.000000
0.584257 0.082766 -0.807337 -0.014405 0.025212 0.992455 0.119989 88.885338 0.811177 -0.090459 0.577762 0.091559 0.000000 0.000000 0.000000 1.000000
0.588633 0.080524 -0.804380 -0.197491 0.023725 0.992877 0.116756 88.899727 0.808052 -0.087810 0.582530 -0.475084 0.000000 0.000000 0.000000 1.000000
0.593872 0.080456 -0.800527 -0.383918 0.021614 0.993033 0.115838 88.746704 0.804269 -0.086096 0.587995 -0.995893 0.000000 0.000000 0.000000 1.000000
0.598393 0.082506 -0.796943 -0.552977 0.020132 0.992821 0.117902 88.439835 0.800950 -0.086596 0.592436 -1.461188 0.000000 0.000000 0.000000 1.000000
0.601693 0.085266 -0.794163 -0.707234 0.017892 0.992597 0.120127 88.004608 0.798527 -0.086489 0.595713 -1.872593 0.000000 0.000000 0.000000 1.000000
0.605197 0.091966 -0.790746 -0.871165 0.016998 0.991585 0.128333 87.539909 0.795894 -0.091108 0.598541 -2.152447 0.000000 0.000000 0.000000 1.000000
0.606140 0.098303 -0.789260 -1.015733 0.016440 0.990572 0.136002 87.087547 0.795188 -0.095412 0.598809 -2.334934 0.000000 0.000000 0.000000 1.000000
0.607576 0.103574 -0.787480 -1.137886 0.015728 0.989698 0.142305 86.697823 0.794106 -0.098846 0.599687 -2.410701 0.000000 0.000000 0.000000 1.000000
0.608074 0.107982 -0.786502 -1.218932 0.015424 0.988912 0.147697 86.413803 0.793730 -0.101942 0.599667 -2.370337 0.000000 0.000000 0.000000 1.000000
0.607427 0.112004 -0.786440 -1.269896 0.014350 0.988301 0.151837 86.272408 0.794246 -0.103515 0.598714 -2.239729 0.000000 0.000000 0.000000 1.000000
0.605897 0.114650 -0.787238 -1.294142 0.015234 0.987707 0.155570 86.321976 0.795397 -0.106252 0.596703 -1.966330 0.000000 0.000000 0.000000 1.000000
0.603039 0.116139 -0.789212 -1.262937 0.014702 0.987559 0.156561 86.538101 0.797576 -0.106015 0.593829 -1.597998 0.000000 0.000000 0.000000 1.000000
0.599929 0.115874 -0.791618 -1.181599 0.013510 0.987848 0.154836 86.852142 0.799939 -0.103586 0.591073 -1.153177 0.000000 0.000000 0.000000 1.000000
0.596477 0.112225 -0.794746 -1.036918 0.012698 0.988733 0.149148 87.262009 0.802530 -0.099055 0.588331 -0.637713 0.000000 0.000000 0.000000 1.000000
0.592074 0.108699 -0.798519 -0.860786 0.010174 0.989775 0.142278 87.691360 0.805819 -0.092363 0.584914 -0.072587 0.000000 0.000000 0.000000 1.000000
0.586649 0.105213 -0.802977 -0.630725 0.008510 0.990669 0.136024 88.096680 0.809796 -0.086632 0.580280 0.531359 0.000000 0.000000 0.000000 1.000000
0.581214 0.100566 -0.807513 -0.375944 0.008303 0.991550 0.129461 88.420731 0.813709 -0.081949 0.575467 1.175843 0.000000 0.000000 0.000000 1.000000
0.574294 0.096543 -0.812937 -0.091953 0.007712 0.992340 0.123296 88.616364 0.818613 -0.077077 0.569150 1.825364 0.000000 0.000000 0.000000 1.000000
0.568143 0.092589 -0.817704 0.184356 0.009007 0.992891 0.118684 88.675781 0.822880 -0.074795 0.563270 2.480113 0.000000 0.000000 0.000000 1.000000
0.561938 0.089785 -0.822292 0.431198 0.012622 0.993045 0.117055 88.602341 0.827083 -0.076156 0.556896 3.102088 0.000000 0.000000 0.000000 1.000000
0.556774 0.089431 -0.825836 0.624636 0.015922 0.992856 0.118252 88.391006 0.830511 -0.078988 0.551372 3.662376 0.000000 0.000000 0.000000 1.000000
0.553029 0.090970 -0.828180 0.766458 0.018604 0.992425 0.121435 88.075058 0.832954 -0.082564 0.547148 4.165670 0.000000 0.000000 0.000000 1.000000
0.551718 0.094966 -0.828606 0.839141 0.021257 0.991573 0.127796 87.711151 0.833760 -0.088121 0.545050 4.576826 0.000000 0.000000 0.000000 1.000000
0.551488 0.098845 -0.828306 0.851600 0.023561 0.990713 0.133913 87.329529 0.833850 -0.093367 0.544037 4.877272 0.000000 0.000000 0.000000 1.000000
0.552099 0.102241 -0.827486 0.814788 0.024184 0.990072 0.138465 86.961372 0.833428 -0.096458 0.544145 5.044781 0.000000 0.000000 0.000000 1.000000
0.554552 0.105406 -0.825446 0.737323 0.024755 0.989417 0.142975 86.676697 0.831780 -0.099721 0.546074 5.095026 0.000000 0.000000 0.000000 1.000000
0.558883 0.107083 -0.822303 0.615566 0.025350 0.988958 0.146014 86.444748 0.828859 -0.102450 0.549998 5.009913 0.000000 0.000000 0.000000 1.000000
0.564675 0.107326 -0.818305 0.459564 0.025553 0.988759 0.147315 86.347702 0.824917 -0.104095 0.555586 4.808625 0.000000 0.000000 0.000000 1.000000
0.570551 0.108177 -0.814107 0.269034 0.024290 0.988630 0.148391 86.433922 0.820903 -0.104439 0.561436 4.504841 0.000000 0.000000 0.000000 1.000000
0.574841 0.105576 -0.811426 0.104856 0.025148 0.988894 0.146482 86.707115 0.817879 -0.104609 0.565802 4.122857 0.000000 0.000000 0.000000 1.000000
0.576790 0.102094 -0.810488 -0.057025 0.025692 0.989401 0.142915 87.061417 0.816489 -0.103255 0.568054 3.659214 0.000000 0.000000 0.000000 1.000000
0.580416 0.097613 -0.808449 -0.264568 0.024364 0.990263 0.137058 87.482307 0.813956 -0.099247 0.572386 3.143187 0.000000 0.000000 0.000000 1.000000
0.583334 0.091143 -0.807102 -0.423240 0.022538 0.991485 0.128253 87.882080 0.811919 -0.093005 0.576313 2.569506 0.000000 0.000000 0.000000 1.000000
0.586832 0.086518 -0.805073 -0.586561 0.021795 0.992227 0.122517 88.239319 0.809415 -0.089443 0.580385 1.980693 0.000000 0.000000 0.000000 1.000000
0.590702 0.083418 -0.802566 -0.743730 0.019647 0.992860 0.117658 88.500000 0.806651 -0.085269 0.584845 1.402351 0.000000 0.000000 0.000000 1.000000
0.594523 0.080465 -0.800043 -0.886064 0.018996 0.993297 0.114018 88.631577 0.803854 -0.082984 0.589009 0.832233 0.000000 0.000000 0.000000 1.000000
0.598523 0.077450 -0.797353 -0.992016 0.017525 0.993812 0.109687 88.601761 0.800914 -0.079624 0.593461 0.273272 0.000000 0.000000 0.000000 1.000000
0.603217 0.078119 -0.793743 -1.092820 0.016009 0.993805 0.109975 88.421700 0.797417 -0.079045 0.598229 -0.235752 0.000000 0.000000 0.000000 1.000000
0.607528 0.082780 -0.789973 -1.200600 0.015276 0.993153 0.115819 88.089172 0.794151 -0.082431 0.602104 -0.676706 0.000000 0.000000 0.000000 1.000000
0.610737 0.090951 -0.786593 -1.279666 0.016504 0.991704 0.127482 87.589310 0.791661 -0.090839 0.604169 -1.028875 0.000000 0.000000 0.000000 1.000000
0.611557 0.098454 -0.785051 -1.334422 0.017281 0.990329 0.137660 87.152519 0.791011 -0.097754 0.603941 -1.218352 0.000000 0.000000 0.000000 1.000000
0.609428 0.105200 -0.785831 -1.365397 0.016898 0.989209 0.145531 86.836540 0.792661 -0.101970 0.601074 -1.276916 0.000000 0.000000 0.000000 1.000000
0.605800 0.111256 -0.787800 -1.364020 0.016130 0.988254 0.151968 86.672394 0.795453 -0.104770 0.596890 -1.216778 0.000000 0.000000 0.000000 1.000000</float_array>
        <technique_common>
          <accessor source="#mixamorig12_Hips-Matrix-animation-output-transform-array" count="135" stride="16">
            <param type="float4x4"/>
          </accessor>
        </technique_common>
      </source>
      <source id="mixamorig12_Hips-Interpolations">
        <Name_array id="mixamorig12_Hips-Interpolations-array" count="135">
 LINEAR LINEAR LINEAR LINEAR LINEAR LINEAR LINEAR LINEAR LINEAR LINEAR LINEAR
LINEAR LINEAR LINEAR LINEAR LINEAR LINEAR LINEAR LINEAR LINEAR LINEAR LINEAR LINEAR
LINEAR LINEAR LINEAR LINEAR LINEAR LINEAR LINEAR LINEAR LINEAR LINEAR LINEAR LINEAR
LINEAR LINEAR LINEAR LINEAR LINEAR LINEAR LINEAR LINEAR LINEAR LINEAR LINEAR LINEAR
LINEAR LINEAR LINEAR LINEAR LINEAR LINEAR LINEAR LINEAR LINEAR LINEAR LINEAR LINEAR
LINEAR LINEAR LINEAR LINEAR LINEAR LINEAR LINEAR LINEAR LINEAR LINEAR LINEAR LINEAR
LINEAR LINEAR LINEAR LINEAR LINEAR LINEAR LINEAR LINEAR LINEAR LINEAR LINEAR LINEAR
LINEAR LINEAR LINEAR LINEAR LINEAR LINEAR LINEAR LINEAR LINEAR LINEAR LINEAR LINEAR
LINEAR LINEAR LINEAR LINEAR LINEAR LINEAR LINEAR LINEAR LINEAR LINEAR LINEAR LINEAR
LINEAR LINEAR LINEAR LINEAR LINEAR LINEAR LINEAR LINEAR LINEAR LINEAR LINEAR LINEAR
LINEAR LINEAR LINEAR LINEAR LINEAR LINEAR LINEAR LINEAR LINEAR LINEAR LINEAR LINEAR
LINEAR LINEAR LINEAR LINEAR</Name_array>
        <technique_common>
          <accessor source="#mixamorig12_Hips-Interpolations-array" count="135">
            <param type="name"/>
          </accessor>
        </technique_common>
      </source>
      <sampler id="mixamorig12_Hips-Matrix-animation-transform">
        <input semantic="INPUT" source="#mixamorig12_Hips-Matrix-animation-input"/>
        <input semantic="OUTPUT" source="#mixamorig12_Hips-Matrix-animation-output-transform"/>
        <input semantic="INTERPOLATION" source="#mixamorig12_Hips-Interpolations"/>
      </sampler>
      <channel source="#mixamorig12_Hips-Matrix-animation-transform" target="mixamorig12_Hips/matrix"/>
    </animation>
    <animation id="mixamorig12_Spine-anim" name="mixamorig12_Spine">
      <source id="mixamorig12_Spine-Matrix-animation-input">
        <float_array id="mixamorig12_Spine-Matrix-animation-input-array" count="135">

0.000000 0.033333 0.066667 0.100000 0.133333 0.166667 0.200000 0.233333 0.266667 0.300000 0.333333 0.366667 0.400000 0.433333 0.466667 0.500000
0.533333 0.566667 0.600000 0.633333 0.666667 0.700000 0.733333 0.766667 0.800000 0.833333 0.866667 0.900000 0.933333 0.966667 1.000000 1.033333
1.066667 1.100000 1.133333 1.166667 1.200000 1.233333 1.266667 1.300000 1.333333 1.366667 1.400000 1.433333 1.466667 1.500000 1.533333 1.566667
1.600000 1.633333 1.666667 1.700000 1.733333 1.766667 1.800000 1.833333 1.866667 1.900000 1.933333 1.966667 2.000000 2.033333 2.066667 2.100000
2.133333 2.166667 2.200000 2.233333 2.266667 2.300000 2.333333 2.366667 2.400000 2.433333 2.466667 2.500000 2.533333 2.566667 2.600000 2.633333
2.666667 2.700000 2.733333 2.766667 2.800000 2.833333 2.866667 2.900000 2.933333 2.966667 3.000000 3.033333 3.066667 3.100000 3.133333 3.166667
3.200000 3.233333 3.266667 3.300000 3.333333 3.366667 3.400000 3.433333 3.466667 3.500000 3.533333 3.566667 3.600000 3.633333 3.666667 3.700000
3.733333 3.766667 3.800000 3.833333 3.866667 3.900000 3.933333 3.966667 4.000000 4.033333 4.066667 4.100000 4.133333 4.166667 4.200000 4.233333
4.266667 4.300000 4.333333 4.366667 4.400000 4.433333 4.466667</float_array>
        <technique_common>
          <accessor source="#mixamorig12_Spine-Matrix-animation-input-array" count="135">
            <param name="TIME" type="float"/>
          </accessor>
        </technique_common>
      </source>
      <source id="mixamorig12_Spine-Matrix-animation-output-transform">
        <float_array id="mixamorig12_Spine-Matrix-animation-output-transform-array" count="2160">

0.999799 -0.019967 0.001616 0.000000 0.019887 0.999009 0.039819 10.052400 -0.002410 -0.039779 0.999206 -1.105100 0.000000 0.000000 0.000000 1.000000
0.999808 -0.019527 0.001597 -0.000000 0.019449 0.999022 0.039702 10.052400 -0.002371 -0.039663 0.999210 -1.105100 0.000000 0.000000 0.000000 1.000000
0.999819 -0.018963 0.001462 -0.000000 0.018890 0.999029 0.039808 10.052400 -0.002215 -0.039773 0.999206 -1.105100 0.000000 0.000000 0.000000 1.000000
0.999837 -0.017995 0.001405 0.000000 0.017922 0.998999 0.040991 10.052400 -0.002141 -0.040959 0.999159 -1.105100 0.000000 0.000000 0.000000 1.000000
0.999846 -0.017452 0.001758 0.000000 0.017364 0.998973 0.041840 10.052400 -0.002486 -0.041803 0.999123 -1.105100 0.000000 0.000000 0.000000 1.000000
0.999859 -0.016528 0.002895 -0.000000 0.016387 0.998918 0.043513 10.052400 -0.003611 -0.043459 0.999049 -1.105100 0.000000 0.000000 0.000000 1.000000
0.999868 -0.015710 0.004215 0.000000 0.015506 0.998882 0.044665 10.052400 -0.004912 -0.044594 0.998993 -1.105100 0.000000 0.000000 0.000000 1.000000
0.999868 -0.015268 0.005607 0.000000 0.014993 0.998826 0.046065 10.052400 -0.006304 -0.045975 0.998923 -1.105100 0.000000 0.000000 0.000000 1.000000
0.999871 -0.014255 0.007346 0.000000 0.013894 0.998795 0.047071 10.052400 -0.008008 -0.046963 0.998865 -1.105100 0.000000 0.000000 0.000000 1.000000
0.999871 -0.013149 0.009229 0.000000 0.012696 0.998789 0.047535 10.052400 -0.009843 -0.047411 0.998827 -1.105100 0.000000 0.000000 0.000000 1.000000
0.999866 -0.012567 0.010474 0.000000 0.012057 0.998800 0.047466 10.052400 -0.011058 -0.047334 0.998818 -1.105100 0.000000 0.000000 0.000000 1.000000
0.999866 -0.011919 0.011234 -0.000000 0.011380 0.998836 0.046874 10.052400 -0.011779 -0.046740 0.998838 -1.105100 0.000000 0.000000 0.000000 1.000000
0.999871 -0.010973 0.011711 0.000000 0.010428 0.998904 0.045629 10.052400 -0.012199 -0.045501 0.998890 -1.105100 0.000000 0.000000 0.000000 1.000000
0.999881 -0.009601 0.012097 0.000000 0.009056 0.998974 0.044374 10.052400 -0.012511 -0.044259 0.998942 -1.105100 0.000000 0.000000 0.000000 1.000000
0.999892 -0.008643 0.011926 0.000000 0.008126 0.999053 0.042738 10.052400 -0.012284 -0.042636 0.999015 -1.105100 0.000000 0.000000 0.000000 1.000000
0.999905 -0.007871 0.011283 0.000000 0.007400 0.999124 0.041179 10.052400 -0.011597 -0.041092 0.999088 -1.105100 0.000000 0.000000 0.000000 1.000000
0.999914 -0.007745 0.010561 0.000000 0.007316 0.999168 0.040115 10.052400 -0.010863 -0.040034 0.999139 -1.105100 0.000000 0.000000 0.000000 1.000000
0.999916 -0.008779 0.009537 0.000000 0.008396 0.999185 0.039492 10.052400 -0.009876 -0.039409 0.999174 -1.105100 0.000000 0.000000 0.000000 1.000000
0.999915 -0.009279 0.009122 0.000000 0.008914 0.999188 0.039291 10.052400 -0.009479 -0.039206 0.999186 -1.105100 0.000000 0.000000 0.000000 1.000000
0.999912 -0.009589 0.009152 0.000000 0.009211 0.999137 0.040500 10.052400 -0.009532 -0.040413 0.999138 -1.105100 0.000000 0.000000 0.000000 1.000000
0.999904 -0.010308 0.009270 0.000000 0.009906 0.999052 0.042379 10.052400 -0.009698 -0.042283 0.999059 -1.105100 0.000000 0.000000 0.000000 1.000000
0.999891 -0.011850 0.008798 0.000000 0.011448 0.998948 0.044415 10.052400 -0.009315 -0.044310 0.998974 -1.105100 0.000000 0.000000 0.000000 1.000000
0.999882 -0.012965 0.008274 -0.000000 0.012571 0.998865 0.045951 10.052400 -0.008861 -0.045842 0.998909 -1.105100 0.000000 0.000000 0.000000 1.000000
0.999877 -0.013557 0.007868 0.000000 0.013170 0.998789 0.047402 10.052400 -0.008501 -0.047292 0.998845 -1.105100 0.000000 0.000000 0.000000 1.000000
0.999872 -0.014223 0.007322 0.000000 0.013855 0.998751 0.047999 10.052400 -0.007995 -0.047892 0.998821 -1.105100 0.000000 0.000000 0.000000 1.000000
0.999863 -0.015255 0.006478 0.000000 0.014924 0.998719 0.048350 10.052400 -0.007207 -0.048247 0.998809 -1.105100 0.000000 0.000000 0.000000 1.000000
0.999851 -0.016382 0.005376 0.000000 0.016103 0.998699 0.048386 10.052400 -0.006162 -0.048292 0.998814 -1.105100 0.000000 0.000000 0.000000 1.000000
0.999837 -0.017575 0.004039 0.000000 0.017365 0.998737 0.047149 10.052400 -0.004862 -0.047071 0.998880 -1.105100 0.000000 0.000000 0.000000 1.000000
0.999818 -0.018880 0.002916 0.000000 0.018729 0.998805 0.045133 10.052400 -0.003764 -0.045070 0.998977 -1.105100 0.000000 0.000000 0.000000 1.000000
0.999828 -0.018422 0.002139 0.000000 0.018314 0.998916 0.042786 10.052400 -0.002925 -0.042739 0.999082 -1.105100 0.000000 0.000000 0.000000 1.000000
0.999845 -0.017562 0.000776 0.000000 0.017517 0.999049 0.039934 10.052400 -0.001477 -0.039914 0.999202 -1.105100 0.000000 0.000000 0.000000 1.000000
0.999852 -0.017211 -0.000406 0.000000 0.017214 0.999137 0.037794 10.052400 -0.000245 -0.037795 0.999285 -1.105100 0.000000 0.000000 0.000000 1.000000
0.999856 -0.016925 -0.001220 -0.000000 0.016958 0.999200 0.036217 10.052400 0.000606 -0.036233 0.999343 -1.105100 0.000000 0.000000 0.000000 1.000000
0.999861 -0.016567 -0.001792 0.000000 0.016620 0.999239 0.035299 10.052400 0.001205 -0.035324 0.999375 -1.105100 0.000000 0.000000 0.000000 1.000000
0.999883 -0.015202 -0.001756 -0.000000 0.015254 0.999279 0.034770 10.052400 0.001226 -0.034792 0.999394 -1.105100 0.000000 0.000000 0.000000 1.000000
0.999893 -0.014592 -0.001290 -0.000000 0.014629 0.999257 0.035663 10.052400 0.000769 -0.035678 0.999363 -1.105100 0.000000 0.000000 0.000000 1.000000
0.999899 -0.014202 -0.000787 0.000000 0.014222 0.999232 0.036503 10.052400 0.000268 -0.036511 0.999333 -1.105100 0.000000 0.000000 0.000000 1.000000
0.999892 -0.014662 -0.000503 0.000000 0.014670 0.999167 0.038075 10.052400 -0.000056 -0.038079 0.999275 -1.105100 0.000000 0.000000 0.000000 1.000000
0.999896 -0.014442 0.000002 0.000000 0.014430 0.999121 0.039367 10.052400 -0.000571 -0.039363 0.999225 -1.105100 0.000000 0.000000 0.000000 1.000000
0.999911 -0.013296 0.000920 -0.000000 0.013247 0.999073 0.040968 10.052400 -0.001464 -0.040952 0.999160 -1.105100 0.000000 0.000000 0.000000 1.000000
0.999922 -0.012327 0.002014 -0.000000 0.012231 0.999029 0.042320 10.052400 -0.002534 -0.042292 0.999102 -1.105100 0.000000 0.000000 0.000000 1.000000
0.999931 -0.011348 0.003171 0.000000 0.011198 0.998981 0.043716 10.052400 -0.003664 -0.043677 0.999039 -1.105100 0.000000 0.000000 0.000000 1.000000
0.999936 -0.010533 0.004219 -0.000000 0.010335 0.998958 0.044452 10.052400 -0.004683 -0.044406 0.999003 -1.105100 0.000000 0.000000 0.000000 1.000000
0.999937 -0.009891 0.005331 0.000000 0.009641 0.998938 0.045063 10.052400 -0.005771 -0.045008 0.998970 -1.105100 0.000000 0.000000 0.000000 1.000000
0.999938 -0.009106 0.006353 0.000000 0.008808 0.998928 0.045438 10.052400 -0.006760 -0.045380 0.998947 -1.105100 0.000000 0.000000 0.000000 1.000000
0.999940 -0.008177 0.007337 -0.000000 0.007834 0.998928 0.045617 10.052400 -0.007702 -0.045557 0.998932 -1.105100 0.000000 0.000000 0.000000 1.000000
0.999935 -0.007980 0.008186 0.000000 0.007604 0.998960 0.044953 10.052400 -0.008536 -0.044887 0.998956 -1.105100 0.000000 0.000000 0.000000 1.000000
0.999923 -0.008454 0.009039 -0.000000 0.008050 0.999008 0.043788 10.052400 -0.009400 -0.043712 0.999000 -1.105100 0.000000 0.000000 0.000000 1.000000
0.999913 -0.008989 0.009616 0.000000 0.008573 0.999059 0.042515 10.052400 -0.009989 -0.042429 0.999050 -1.105100 0.000000 0.000000 0.000000 1.000000
0.999908 -0.009520 0.009689 0.000000 0.009112 0.999106 0.041280 10.052400 -0.010074 -0.041188 0.999101 -1.105100 0.000000 0.000000 0.000000 1.000000
0.999902 -0.010272 0.009552 0.000000 0.009878 0.999132 0.040479 10.052400 -0.009959 -0.040380 0.999135 -1.105100 0.000000 0.000000 0.000000 1.000000
0.999903 -0.010480 0.009205 0.000000 0.010101 0.999136 0.040326 10.052400 -0.009619 -0.040229 0.999144 -1.105100 0.000000 0.000000 0.000000 1.000000
0.999898 -0.011513 0.008431 0.000000 0.011161 0.999113 0.040600 10.052400 -0.008891 -0.040501 0.999140 -1.105100 0.000000 0.000000 0.000000 1.000000
0.999894 -0.012454 0.007603 0.000000 0.012132 0.999084 0.041044 10.052400 -0.008108 -0.040947 0.999128 -1.105100 0.000000 0.000000 0.000000 1.000000
0.999896 -0.012480 0.007229 -0.000000 0.012162 0.999025 0.042433 10.052400 -0.007751 -0.042341 0.999073 -1.105100 0.000000 0.000000 0.000000 1.000000
0.999899 -0.012572 0.006589 0.000000 0.012275 0.998985 0.043337 10.052400 -0.007128 -0.043252 0.999039 -1.105100 0.000000 0.000000 0.000000 1.000000
0.999900 -0.012485 0.006610 0.000000 0.012173 0.998897 0.045346 10.052400 -0.007169 -0.045261 0.998949 -1.105100 0.000000 0.000000 0.000000 1.000000
0.999899 -0.012736 0.006264 0.000000 0.012432 0.998850 0.046302 10.052400 -0.006846 -0.046219 0.998908 -1.105100 0.000000 0.000000 0.000000 1.000000
0.999902 -0.012709 0.005845 -0.000000 0.012424 0.998843 0.046468 10.052400 -0.006429 -0.046391 0.998903 -1.105100 0.000000 0.000000 0.000000 1.000000
0.999904 -0.012743 0.005375 -0.000000 0.012478 0.998824 0.046842 10.052400 -0.005965 -0.046770 0.998888 -1.105100 0.000000 0.000000 0.000000 1.000000
0.999898 -0.013570 0.004390 0.000000 0.013351 0.998825 0.046581 10.052400 -0.005017 -0.046518 0.998905 -1.105100 0.000000 0.000000 0.000000 1.000000
0.999880 -0.015211 0.002999 -0.000000 0.015058 0.998838 0.045786 10.052400 -0.003692 -0.045736 0.998947 -1.105100 0.000000 0.000000 0.000000 1.000000
0.999878 -0.015442 0.002174 -0.000000 0.015331 0.998902 0.044266 10.052400 -0.002855 -0.044227 0.999017 -1.105100 0.000000 0.000000 0.000000 1.000000
0.999866 -0.016299 0.001507 0.000000 0.016220 0.998972 0.042319 10.052400 -0.002195 -0.042289 0.999103 -1.105100 0.000000 0.000000 0.000000 1.000000
0.999856 -0.016935 0.001110 -0.000000 0.016875 0.999014 0.041058 10.052400 -0.001804 -0.041033 0.999156 -1.105100 0.000000 0.000000 0.000000 1.000000
0.999842 -0.017757 0.000469 -0.000000 0.017724 0.999036 0.040158 10.052400 -0.001182 -0.040144 0.999193 -1.105100 0.000000 0.000000 0.000000 1.000000
0.999836 -0.018120 0.000014 -0.000000 0.018106 0.999079 0.038909 10.052400 -0.000719 -0.038902 0.999243 -1.105100 0.000000 0.000000 0.000000 1.000000
0.999835 -0.018137 -0.000533 -0.000000 0.018144 0.999112 0.038031 10.052400 -0.000158 -0.038035 0.999276 -1.105100 0.000000 0.000000 0.000000 1.000000
0.999845 -0.017570 -0.001301 0.000000 0.017606 0.999151 0.037249 10.052400 0.000645 -0.037266 0.999305 -1.105100 0.000000 0.000000 0.000000 1.000000
0.999862 -0.016477 -0.001934 0.000000 0.016537 0.999185 0.036812 10.052400 0.001326 -0.036839 0.999320 -1.105100 0.000000 0.000000 0.000000 1.000000
0.999873 -0.015799 -0.002293 0.000000 0.015874 0.999180 0.037251 10.052400 0.001703 -0.037283 0.999303 -1.105100 0.000000 0.000000 0.000000 1.000000
0.999879 -0.015408 -0.002093 -0.000000 0.015477 0.999136 0.038562 10.052400 0.001497 -0.038590 0.999254 -1.105100 0.000000 0.000000 0.000000 1.000000
0.999887 -0.014916 -0.001652 -0.000000 0.014969 0.999102 0.039629 10.052400 0.001059 -0.039649 0.999213 -1.105100 0.000000 0.000000 0.000000 1.000000
0.999890 -0.014768 -0.001516 0.000000 0.014818 0.999028 0.041506 10.052400 0.000901 -0.041524 0.999137 -1.105100 0.000000 0.000000 0.000000 1.000000
0.999896 -0.014440 -0.000548 0.000000 0.014450 0.998992 0.042496 10.052400 -0.000066 -0.042499 0.999096 -1.105100 0.000000 0.000000 0.000000 1.000000
0.999902 -0.013985 0.001024 0.000000 0.013926 0.998944 0.043780 10.052400 -0.001635 -0.043762 0.999041 -1.105100 0.000000 0.000000 0.000000 1.000000
0.999891 -0.014620 0.002125 0.000000 0.014512 0.998927 0.043981 10.052400 -0.002766 -0.043945 0.999030 -1.105100 0.000000 0.000000 0.000000 1.000000
0.999879 -0.015139 0.003441 0.000000 0.014972 0.998911 0.044181 10.052400 -0.004106 -0.044124 0.999018 -1.105100 0.000000 0.000000 0.000000 1.000000
0.999877 -0.014915 0.004912 0.000000 0.014683 0.998910 0.044298 10.052400 -0.005567 -0.044221 0.999006 -1.105100 0.000000 0.000000 0.000000 1.000000
0.999879 -0.014325 0.006120 0.000000 0.014040 0.998916 0.044391 10.052400 -0.006750 -0.044300 0.998995 -1.105100 0.000000 0.000000 0.000000 1.000000
0.999880 -0.013852 0.006968 0.000000 0.013527 0.998906 0.044765 10.052400 -0.007581 -0.044665 0.998973 -1.105100 0.000000 0.000000 0.000000 1.000000
0.999882 -0.013271 0.007723 0.000000 0.012917 0.998936 0.044275 10.052400 -0.008302 -0.044170 0.998990 -1.105100 0.000000 0.000000 0.000000 1.000000
0.999897 -0.011662 0.008380 0.000000 0.011285 0.998981 0.043706 10.052400 -0.008881 -0.043607 0.999009 -1.105100 0.000000 0.000000 0.000000 1.000000
0.999909 -0.010425 0.008595 0.000000 0.010046 0.999023 0.043026 10.052400 -0.009035 -0.042936 0.999037 -1.105100 0.000000 0.000000 0.000000 1.000000
0.999921 -0.009192 0.008617 0.000000 0.008818 0.999057 0.042520 10.052400 -0.009000 -0.042441 0.999058 -1.105100 0.000000 0.000000 0.000000 1.000000
0.999932 -0.007848 0.008631 0.000000 0.007481 0.999096 0.041850 10.052400 -0.008952 -0.041783 0.999087 -1.105100 0.000000 0.000000 0.000000 1.000000
0.999938 -0.006961 0.008677 0.000000 0.006592 0.999102 0.041853 10.052400 -0.008960 -0.041793 0.999086 -1.105100 0.000000 0.000000 0.000000 1.000000
0.999942 -0.006674 0.008396 0.000000 0.006313 0.999081 0.042390 10.052400 -0.008671 -0.042335 0.999066 -1.105100 0.000000 0.000000 0.000000 1.000000
0.999939 -0.007351 0.008189 0.000000 0.006988 0.999027 0.043538 10.052400 -0.008501 -0.043478 0.999018 -1.105100 0.000000 0.000000 0.000000 1.000000
0.999935 -0.008470 0.007680 -0.000000 0.008114 0.998946 0.045171 10.052400 -0.008054 -0.045106 0.998950 -1.105100 0.000000 0.000000 0.000000 1.000000
0.999926 -0.009537 0.007490 0.000000 0.009171 0.998834 0.047396 10.052400 -0.007933 -0.047324 0.998848 -1.105100 0.000000 0.000000 0.000000 1.000000
0.999919 -0.010296 0.007478 -0.000000 0.009915 0.998734 0.049312 10.052400 -0.007976 -0.049234 0.998755 -1.105100 0.000000 0.000000 0.000000 1.000000
