<?xml version="1.0" encoding="utf-8"?>
<COLLADA xmlns="http://www.collada.org/2005/11/COLLADASchema" version="1.4.1">
  <asset>
    <contributor>
      <author>Mixamo</author>
      <authoring_tool>COLLADA Mixamo exporter</authoring_tool>
      <comments/>
    </contributor>
    <created>2025-06-01T07:05:49Z</created>
    <modified>2025-06-01T07:05:49Z</modified>
    <revision/>
    <title/>
    <unit meter="0.010000"/>
    <up_axis>Y_UP</up_axis>
  </asset>
  <library_animations>
    <animation id="mixamorig12_Hips-anim" name="mixamorig12_Hips">
      <source id="mixamorig12_Hips-Matrix-animation-input">
        <float_array id="mixamorig12_Hips-Matrix-animation-input-array" count="24">

0.000000 0.033333 0.066667 0.100000 0.133333 0.166667 0.200000 0.233333 0.266667 0.300000 0.333333 0.366667 0.400000 0.433333 0.466667 0.500000
0.533333 0.566667 0.600000 0.633333 0.666667 0.700000 0.733333 0.766667</float_array>
        <technique_common>
          <accessor source="#mixamorig12_Hips-Matrix-animation-input-array" count="24">
            <param name="TIME" type="float"/>
          </accessor>
        </technique_common>
      </source>
      <source id="mixamorig12_Hips-Matrix-animation-output-transform">
        <float_array id="mixamorig12_Hips-Matrix-animation-output-transform-array" count="384">

0.944041 -0.000292 -0.329827 -0.125349 -0.053294 0.986724 -0.153415 97.612656 0.325493 0.162408 0.931492 0.647700 0.000000 0.000000 0.000000 1.000000
0.939026 -0.008719 -0.343737 0.110425 -0.055223 0.982877 -0.175791 98.035263 0.339384 0.184055 0.922465 8.515343 0.000000 0.000000 0.000000 1.000000
0.928285 -0.029839 -0.370670 0.251128 -0.044669 0.980611 -0.190806 97.900711 0.369176 0.193680 0.908954 16.487902 0.000000 0.000000 0.000000 1.000000
0.908409 -0.033215 -0.416761 0.497944 -0.051659 0.980283 -0.190727 97.176353 0.414878 0.194788 0.888782 24.894711 0.000000 0.000000 0.000000 1.000000
0.864536 0.005440 -0.502541 1.018564 -0.104865 0.979884 -0.169795 96.121033 0.491509 0.199493 0.847716 34.316204 0.000000 0.000000 0.000000 1.000000
0.857409 0.009621 -0.514546 1.503538 -0.100466 0.983717 -0.149018 95.369110 0.504734 0.179464 0.844415 44.201794 0.000000 0.000000 0.000000 1.000000
0.865475 -0.022832 -0.500432 1.942561 -0.046270 0.991047 -0.125239 94.486206 0.498811 0.131546 0.856670 54.124687 0.000000 0.000000 0.000000 1.000000
0.873195 -0.041388 -0.485610 2.469099 -0.009732 0.994708 -0.102278 93.160965 0.487273 0.094035 0.868172 63.716328 0.000000 0.000000 0.000000 1.000000
0.887016 -0.049793 -0.459047 2.903967 0.009746 0.995966 -0.089199 92.543205 0.461636 0.074647 0.883923 72.413177 0.000000 0.000000 0.000000 1.000000
0.906331 -0.047501 -0.419891 3.255458 0.012486 0.996238 -0.085750 93.095901 0.422385 0.072475 0.903514 80.684151 0.000000 0.000000 0.000000 1.000000
0.913637 -0.045015 -0.404031 3.605994 0.009763 0.995994 -0.088890 94.318604 0.406413 0.077268 0.910416 89.101479 0.000000 0.000000 0.000000 1.000000
0.909001 -0.047322 -0.414098 3.886948 0.007644 0.995259 -0.096957 95.704880 0.416723 0.084968 0.905054 97.920769 0.000000 0.000000 0.000000 1.000000
0.909375 -0.050857 -0.412858 3.853232 0.006417 0.994095 -0.108321 96.501511 0.415929 0.095855 0.904331 106.793930 0.000000 0.000000 0.000000 1.000000
0.924035 -0.053064 -0.378608 3.462563 0.007927 0.992767 -0.119795 96.507805 0.382226 0.107693 0.917772 115.520927 0.000000 0.000000 0.000000 1.000000
0.943762 -0.049170 -0.326948 2.982934 0.007448 0.991790 -0.127657 96.007156 0.330541 0.118043 0.936381 124.362930 0.000000 0.000000 0.000000 1.000000
0.968617 -0.087711 -0.232568 2.375225 0.058413 0.989790 -0.130011 95.132706 0.241597 0.112345 0.963851 133.562149 0.000000 0.000000 0.000000 1.000000
0.984027 -0.134484 -0.116637 1.864908 0.120499 0.985476 -0.119658 93.870682 0.131035 0.103692 0.985940 143.195236 0.000000 0.000000 0.000000 1.000000
0.984288 -0.137435 -0.110853 1.604844 0.125050 0.985823 -0.111877 92.678925 0.124658 0.096257 0.987520 152.862823 0.000000 0.000000 0.000000 1.000000
0.984509 -0.043120 -0.169950 1.789191 0.025715 0.994316 -0.103312 90.988663 0.173439 0.097342 0.980022 162.389771 0.000000 0.000000 0.000000 1.000000
0.978091 0.009668 -0.207955 1.571174 -0.029562 0.995248 -0.092773 89.763840 0.206070 0.096888 0.973729 171.330688 0.000000 0.000000 0.000000 1.000000
0.968203 0.028797 -0.248504 1.059320 -0.052745 0.994521 -0.090252 90.085854 0.244544 0.100489 0.964417 179.707245 0.000000 0.000000 0.000000 1.000000
0.958364 0.031930 -0.283760 0.499161 -0.062052 0.993269 -0.097804 91.944786 0.278727 0.111340 0.953894 187.858124 0.000000 0.000000 0.000000 1.000000
0.952565 0.020545 -0.303641 0.063030 -0.057858 0.991748 -0.114403 94.370010 0.298785 0.126544 0.945893 195.931259 0.000000 0.000000 0.000000 1.000000
0.947707 0.005162 -0.319101 -0.124769 -0.052164 0.988928 -0.138923 96.659691 0.314850 0.148304 0.937483 204.020676 0.000000 0.000000 0.000000 1.000000</float_array>
        <technique_common>
          <accessor source="#mixamorig12_Hips-Matrix-animation-output-transform-array" count="24" stride="16">
            <param type="float4x4"/>
          </accessor>
        </technique_common>
      </source>
      <source id="mixamorig12_Hips-Interpolations">
        <Name_array id="mixamorig12_Hips-Interpolations-array" count="24">
 LINEAR LINEAR LINEAR LINEAR LINEAR LINEAR LINEAR LINEAR LINEAR LINEAR LINEAR
LINEAR LINEAR LINEAR LINEAR LINEAR LINEAR LINEAR LINEAR LINEAR LINEAR LINEAR LINEAR
LINEAR</Name_array>
        <technique_common>
          <accessor source="#mixamorig12_Hips-Interpolations-array" count="24">
            <param type="name"/>
          </accessor>
        </technique_common>
      </source>
      <sampler id="mixamorig12_Hips-Matrix-animation-transform">
        <input semantic="INPUT" source="#mixamorig12_Hips-Matrix-animation-input"/>
        <input semantic="OUTPUT" source="#mixamorig12_Hips-Matrix-animation-output-transform"/>
        <input semantic="INTERPOLATION" source="#mixamorig12_Hips-Interpolations"/>
      </sampler>
      <channel source="#mixamorig12_Hips-Matrix-animation-transform" target="mixamorig12_Hips/matrix"/>
    </animation>
    <animation id="mixamorig12_Spine-anim" name="mixamorig12_Spine">
      <source id="mixamorig12_Spine-Matrix-animation-input">
        <float_array id="mixamorig12_Spine-Matrix-animation-input-array" count="24">

0.000000 0.033333 0.066667 0.100000 0.133333 0.166667 0.200000 0.233333 0.266667 0.300000 0.333333 0.366667 0.400000 0.433333 0.466667 0.500000
0.533333 0.566667 0.600000 0.633333 0.666667 0.700000 0.733333 0.766667</float_array>
        <technique_common>
          <accessor source="#mixamorig12_Spine-Matrix-animation-input-array" count="24">
            <param name="TIME" type="float"/>
          </accessor>
        </technique_common>
      </source>
      <source id="mixamorig12_Spine-Matrix-animation-output-transform">
        <float_array id="mixamorig12_Spine-Matrix-animation-output-transform-array" count="384">

0.998922 -0.037071 0.027936 0.000000 0.035311 0.997509 0.061065 10.052400 -0.030130 -0.060013 0.997743 -1.105100 0.000000 0.000000 0.000000 1.000000
0.998515 -0.037807 0.039212 0.000000 0.034999 0.996934 0.069978 10.052400 -0.041737 -0.068502 0.996778 -1.105100 0.000000 0.000000 0.000000 1.000000
0.998039 -0.017898 0.059989 0.000000 0.013247 0.996939 0.077053 10.052400 -0.061185 -0.076107 0.995221 -1.105100 0.000000 0.000000 0.000000 1.000000
0.995783 -0.015236 0.090463 -0.000000 0.007716 0.996527 0.082907 10.052400 -0.091412 -0.081860 0.992443 -1.105100 0.000000 0.000000 0.000000 1.000000
0.985291 -0.068511 0.156551 -0.000000 0.054353 0.994182 0.092994 10.052400 -0.162012 -0.083117 0.983282 -1.105100 0.000000 0.000000 0.000000 1.000000
0.986581 -0.073420 0.145834 0.000000 0.059219 0.993280 0.099443 10.052400 -0.152155 -0.089472 0.984299 -1.105100 0.000000 0.000000 0.000000 1.000000
0.993292 -0.024842 0.112929 0.000000 0.013904 0.995222 0.096639 10.052400 -0.114790 -0.094421 0.988892 -1.105100 0.000000 0.000000 0.000000 1.000000
0.996211 0.005297 0.086811 0.000000 -0.013312 0.995669 0.092008 10.052400 -0.085947 -0.092815 0.991967 -1.105100 0.000000 0.000000 0.000000 1.000000
0.997681 0.017453 0.065790 0.000000 -0.022835 0.996374 0.081965 10.052400 -0.064121 -0.083277 0.994461 -1.105100 0.000000 0.000000 0.000000 1.000000
0.999001 0.008750 0.043825 -0.000000 -0.011789 0.997507 0.069578 10.052400 -0.043107 -0.070025 0.996613 -1.105100 0.000000 0.000000 0.000000 1.000000
0.999251 -0.005768 0.038271 0.000000 0.003406 0.998102 0.061496 10.052400 -0.038553 -0.061320 0.997373 -1.105100 0.000000 0.000000 0.000000 1.000000
0.998942 -0.014294 0.043713 -0.000000 0.011597 0.998049 0.061352 10.052400 -0.044505 -0.060781 0.997158 -1.105100 0.000000 0.000000 0.000000 1.000000
0.999192 -0.013309 0.037928 0.000000 0.010822 0.997825 0.065021 10.052400 -0.038711 -0.064558 0.997163 -1.105100 0.000000 0.000000 0.000000 1.000000
0.999920 -0.003329 0.012165 0.000000 0.002493 0.997674 0.068121 10.052400 -0.012363 -0.068086 0.997603 -1.105100 0.000000 0.000000 0.000000 1.000000
0.999756 0.002826 -0.021919 0.000000 -0.001266 0.997487 0.070837 10.052400 0.022064 -0.070792 0.997247 -1.105100 0.000000 0.000000 0.000000 1.000000
0.994064 0.058756 -0.091565 0.000000 -0.051642 0.995598 0.078215 10.052400 0.095757 -0.073022 0.992723 -1.105100 0.000000 0.000000 0.000000 1.000000
0.977676 0.114716 -0.176039 0.000000 -0.100107 0.990919 0.089765 10.052400 0.184737 -0.070138 0.980282 -1.105100 0.000000 0.000000 0.000000 1.000000
0.982671 0.105293 -0.152551 0.000000 -0.091923 0.991488 0.092209 10.052400 0.160961 -0.076588 0.983985 -1.105100 0.000000 0.000000 0.000000 1.000000
0.996355 -0.020363 -0.082836 0.000000 0.026985 0.996460 0.079623 10.052400 0.080921 -0.081568 0.993377 -1.105100 0.000000 0.000000 0.000000 1.000000
0.995687 -0.079252 -0.048226 0.000000 0.082506 0.994150 0.069704 10.052400 0.042420 -0.073382 0.996401 -1.105100 0.000000 0.000000 0.000000 1.000000
0.995956 -0.087196 -0.021659 -0.000000 0.088392 0.994137 0.062284 10.052400 0.016101 -0.063947 0.997823 -1.105100 0.000000 0.000000 0.000000 1.000000
0.997131 -0.075689 0.001319 0.000000 0.075484 0.995451 0.058126 10.052400 -0.005712 -0.057860 0.998308 -1.105100 0.000000 0.000000 0.000000 1.000000
0.998471 -0.053500 0.013877 0.000000 0.052636 0.997015 0.056487 10.052400 -0.016858 -0.055670 0.998307 -1.105100 0.000000 0.000000 0.000000 1.000000
0.999040 -0.037913 0.021963 0.000000 0.036577 0.997627 0.058325 10.052400 -0.024122 -0.057466 0.998056 -1.105100 0.000000 0.000000 0.000000 1.000000</float_array>
        <technique_common>
          <accessor source="#mixamorig12_Spine-Matrix-animation-output-transform-array" count="24" stride="16">
            <param type="float4x4"/>
          </accessor>
        </technique_common>
      </source>
      <source id="mixamorig12_Spine-Interpolations">
        <Name_array id="mixamorig12_Spine-Interpolations-array" count="24">
 LINEAR LINEAR LINEAR LINEAR LINEAR LINEAR LINEAR LINEAR LINEAR LINEAR LINEAR
LINEAR LINEAR LINEAR LINEAR LINEAR LINEAR LINEAR LINEAR LINEAR LINEAR LINEAR LINEAR
LINEAR</Name_array>
        <technique_common>
          <accessor source="#mixamorig12_Spine-Interpolations-array" count="24">
            <param type="name"/>
          </accessor>
        </technique_common>
      </source>
      <sampler id="mixamorig12_Spine-Matrix-animation-transform">
        <input semantic="INPUT" source="#mixamorig12_Spine-Matrix-animation-input"/>
        <input semantic="OUTPUT" source="#mixamorig12_Spine-Matrix-animation-output-transform"/>
        <input semantic="INTERPOLATION" source="#mixamorig12_Spine-Interpolations"/>
      </sampler>
      <channel source="#mixamorig12_Spine-Matrix-animation-transform" target="mixamorig12_Spine/matrix"/>
    </animation>
    <animation id="mixamorig12_Spine1-anim" name="mixamorig12_Spine1">
      <source id="mixamorig12_Spine1-Matrix-animation-input">
        <float_array id="mixamorig12_Spine1-Matrix-animation-input-array" count="24">

0.000000 0.033333 0.066667 0.100000 0.133333 0.166667 0.200000 0.233333 0.266667 0.300000 0.333333 0.366667 0.400000 0.433333 0.466667 0.500000
0.533333 0.566667 0.600000 0.633333 0.666667 0.700000 0.733333 0.766667</float_array>
        <technique_common>
          <accessor source="#mixamorig12_Spine1-Matrix-animation-input-array" count="24">
            <param name="TIME" type="float"/>
          </accessor>
        </technique_common>
      </source>
      <source id="mixamorig12_Spine1-Matrix-animation-output-transform">
        <float_array id="mixamorig12_Spine1-Matrix-animation-output-transform-array" count="384">

0.996977 -0.003924 -0.077600 0.000000 0.000271 0.998893 -0.047033 11.798400 0.077698 0.046870 0.995875 -0.000000 0.000000 0.000000 0.000000 1.000000
0.997455 -0.002226 -0.071260 0.000000 -0.000595 0.999218 -0.039531 11.798400 0.071293 0.039473 0.996674 0.000000 0.000000 0.000000 0.000000 1.000000
0.998160 0.000740 -0.060624 0.000000 -0.002767 0.999440 -0.033352 11.798400 0.060565 0.033458 0.997603 0.000000 0.000000 0.000000 0.000000 1.000000
0.998946 0.002602 -0.045826 0.000000 -0.003915 0.999584 -0.028582 11.798400 0.045733 0.028732 0.998540 0.000000 0.000000 0.000000 0.000000 1.000000
0.999500 0.001408 -0.031588 0.000000 -0.002149 0.999723 -0.023438 11.798400 0.031546 0.023494 0.999226 0.000000 0.000000 0.000000 0.000000 1.000000
0.999720 0.004765 -0.023199 -0.000000 -0.005210 0.999803 -0.019160 11.798400 0.023103 0.019276 0.999547 -0.000000 0.000000 0.000000 0.000000 1.000000
0.999658 0.011707 -0.023385 0.000000 -0.012111 0.999779 -0.017194 11.798400 0.023179 0.017472 0.999579 0.000000 0.000000 0.000000 0.000000 1.000000
0.999328 0.017209 -0.032373 -0.000000 -0.017845 0.999652 -0.019446 11.798400 0.032027 0.020011 0.999287 -0.000000 0.000000 0.000000 0.000000 1.000000
0.998573 0.023637 -0.047898 0.000000 -0.025002 0.999293 -0.028088 11.798400 0.047200 0.029245 0.998457 0.000000 0.000000 0.000000 0.000000 1.000000
0.997777 0.025579 -0.061534 0.000000 -0.028005 0.998851 -0.038888 11.798400 0.060469 0.040525 0.997347 0.000000 0.000000 0.000000 0.000000 1.000000
0.997670 0.020029 -0.065214 0.000000 -0.023052 0.998679 -0.045932 11.798400 0.064208 0.047328 0.996814 0.000000 0.000000 0.000000 0.000000 1.000000
0.997906 0.011250 -0.063696 0.000000 -0.014234 0.998813 -0.046586 11.798400 0.063096 0.047395 0.996881 0.000000 0.000000 0.000000 0.000000 1.000000
0.997565 0.004527 -0.069602 0.000000 -0.007607 0.999000 -0.044053 11.798400 0.069333 0.044475 0.996602 0.000000 0.000000 0.000000 0.000000 1.000000
0.996227 0.001084 -0.086782 -0.000000 -0.004726 0.999116 -0.041763 11.798400 0.086660 0.042015 0.995352 0.000000 0.000000 0.000000 0.000000 1.000000
0.994205 -0.001323 -0.107497 0.000000 -0.002943 0.999215 -0.039516 11.798400 0.107465 0.039603 0.993420 0.000000 0.000000 0.000000 0.000000 1.000000
0.992301 0.001572 -0.123842 -0.000000 -0.005850 0.999398 -0.034188 11.798400 0.123713 0.034650 0.991713 0.000000 0.000000 0.000000 0.000000 1.000000
0.990971 0.006028 -0.133941 0.000000 -0.009870 0.999558 -0.028036 11.798400 0.133713 0.029105 0.990593 0.000000 0.000000 0.000000 0.000000 1.000000
0.990588 0.007792 -0.136657 0.000000 -0.011518 0.999582 -0.026499 11.798400 0.136394 0.027823 0.990264 0.000000 0.000000 0.000000 0.000000 1.000000
0.991562 -0.003874 -0.129575 0.000000 -0.000309 0.999480 -0.032248 11.798400 0.129633 0.032016 0.991045 0.000000 0.000000 0.000000 0.000000 1.000000
0.993191 -0.013799 -0.115674 0.000000 0.009065 0.999103 -0.041356 11.798400 0.116141 0.040026 0.992426 0.000000 0.000000 0.000000 0.000000 1.000000
0.994508 -0.018451 -0.103025 0.000000 0.013493 0.998727 -0.048611 11.798400 0.103791 0.046953 0.993490 0.000000 0.000000 0.000000 0.000000 1.000000
0.995271 -0.017006 -0.095634 -0.000000 0.012117 0.998601 -0.051470 11.798400 0.096375 0.050068 0.994085 -0.000000 0.000000 0.000000 0.000000 1.000000
0.995857 -0.011591 -0.090193 -0.000000 0.006952 0.998644 -0.051588 11.798400 0.090669 0.050747 0.994587 0.000000 0.000000 0.000000 0.000000 1.000000
0.996569 -0.005985 -0.082547 0.000000 0.001914 0.998782 -0.049310 11.798400 0.082742 0.048983 0.995366 0.000000 0.000000 0.000000 0.000000 1.000000</float_array>
        <technique_common>
          <accessor source="#mixamorig12_Spine1-Matrix-animation-output-transform-array" count="24" stride="16">
            <param type="float4x4"/>
          </accessor>
        </technique_common>
      </source>
      <source id="mixamorig12_Spine1-Interpolations">
        <Name_array id="mixamorig12_Spine1-Interpolations-array" count="24">
 LINEAR LINEAR LINEAR LINEAR LINEAR LINEAR LINEAR LINEAR LINEAR LINEAR LINEAR
LINEAR LINEAR LINEAR LINEAR LINEAR LINEAR LINEAR LINEAR LINEAR LINEAR LINEAR LINEAR
LINEAR</Name_array>
        <technique_common>
          <accessor source="#mixamorig12_Spine1-Interpolations-array" count="24">
            <param type="name"/>
          </accessor>
        </technique_common>
      </source>
      <sampler id="mixamorig12_Spine1-Matrix-animation-transform">
        <input semantic="INPUT" source="#mixamorig12_Spine1-Matrix-animation-input"/>
        <input semantic="OUTPUT" source="#mixamorig12_Spine1-Matrix-animation-output-transform"/>
        <input semantic="INTERPOLATION" source="#mixamorig12_Spine1-Interpolations"/>
      </sampler>
      <channel source="#mixamorig12_Spine1-Matrix-animation-transform" target="mixamorig12_Spine1/matrix"/>
    </animation>
    <animation id="mixamorig12_Spine2-anim" name="mixamorig12_Spine2">
      <source id="mixamorig12_Spine2-Matrix-animation-input">
        <float_array id="mixamorig12_Spine2-Matrix-animation-input-array" count="24">

0.000000 0.033333 0.066667 0.100000 0.133333 0.166667 0.200000 0.233333 0.266667 0.300000 0.333333 0.366667 0.400000 0.433333 0.466667 0.500000
0.533333 0.566667 0.600000 0.633333 0.666667 0.700000 0.733333 0.766667</float_array>
        <technique_common>
          <accessor source="#mixamorig12_Spine2-Matrix-animation-input-array" count="24">
            <param name="TIME" type="float"/>
          </accessor>
        </technique_common>
      </source>
      <source id="mixamorig12_Spine2-Matrix-animation-output-transform">
        <float_array id="mixamorig12_Spine2-Matrix-animation-output-transform-array" count="384">

0.984969 -0.062714 -0.160943 -0.000000 0.054196 0.996914 -0.056785 13.483900 0.164008 0.047209 0.985329 -0.000000 0.000000 0.000000 0.000000 1.000000
0.986086 -0.061040 -0.154627 0.000000 0.054018 0.997326 -0.049216 13.483900 0.157218 0.040179 0.986746 -0.000000 0.000000 0.000000 0.000000 1.000000
0.987845 -0.058092 -0.144179 -0.000000 0.052430 0.997708 -0.042770 13.483900 0.146333 0.034691 0.988627 0.000000 0.000000 0.000000 0.000000 1.000000
0.989992 -0.056300 -0.129404 0.000000 0.051793 0.997937 -0.037938 13.483900 0.131273 0.030856 0.990866 0.000000 0.000000 0.000000 0.000000 1.000000
0.991725 -0.057549 -0.114755 0.000000 0.054103 0.997993 -0.032919 13.483900 0.116419 0.026438 0.992848 0.000000 0.000000 0.000000 0.000000 1.000000
0.992837 -0.054229 -0.106462 0.000000 0.051470 0.998268 -0.028500 13.483900 0.107823 0.022816 0.993908 0.000000 0.000000 0.000000 0.000000 1.000000
0.993128 -0.047314 -0.107047 0.000000 0.044761 0.998656 -0.026134 13.483900 0.108139 0.021163 0.993910 0.000000 0.000000 0.000000 0.000000 1.000000
0.992340 -0.041800 -0.116251 0.000000 0.038797 0.998855 -0.027979 13.483900 0.117287 0.023255 0.992826 0.000000 0.000000 0.000000 0.000000 1.000000
0.990660 -0.035249 -0.131721 0.000000 0.030766 0.998881 -0.035910 13.483900 0.132839 0.031522 0.990636 0.000000 0.000000 0.000000 0.000000 1.000000
0.988870 -0.033163 -0.145038 0.000000 0.026684 0.998567 -0.046393 13.483900 0.146369 0.042007 0.988338 0.000000 0.000000 0.000000 0.000000 1.000000
0.988163 -0.038701 -0.148445 0.000000 0.030992 0.998065 -0.053901 13.483900 0.150243 0.048662 0.987451 0.000000 0.000000 0.000000 0.000000 1.000000
0.988004 -0.047506 -0.146936 -0.000000 0.039745 0.997678 -0.055314 13.483900 0.149223 0.048811 0.987598 0.000000 0.000000 0.000000 0.000000 1.000000
0.986729 -0.054174 -0.153071 0.000000 0.046498 0.997496 -0.053285 13.483900 0.155574 0.045461 0.986778 0.000000 0.000000 0.000000 0.000000 1.000000
0.983685 -0.057459 -0.170480 0.000000 0.049421 0.997474 -0.051026 13.483900 0.172981 0.041768 0.984039 0.000000 0.000000 0.000000 0.000000 1.000000
0.979731 -0.059756 -0.191200 -0.000000 0.051350 0.997496 -0.048626 13.483900 0.193627 0.037822 0.980346 -0.000000 0.000000 0.000000 0.000000 1.000000
0.976511 -0.057031 -0.207785 0.000000 0.049233 0.997882 -0.042512 13.483900 0.209770 0.031283 0.977250 0.000000 0.000000 0.000000 0.000000 1.000000
0.974559 -0.052756 -0.217833 -0.000000 0.046110 0.998306 -0.035488 13.483900 0.219336 0.024541 0.975341 0.000000 0.000000 0.000000 0.000000 1.000000
0.974141 -0.050803 -0.220156 -0.000000 0.044448 0.998442 -0.033725 13.483900 0.221527 0.023067 0.974881 0.000000 0.000000 0.000000 0.000000 1.000000
0.975218 -0.062036 -0.212373 0.000000 0.054378 0.997649 -0.041715 13.483900 0.214461 0.029132 0.976298 0.000000 0.000000 0.000000 0.000000 1.000000
0.977493 -0.071850 -0.198353 0.000000 0.062685 0.996672 -0.052112 13.483900 0.201438 0.038505 0.978744 0.000000 0.000000 0.000000 0.000000 1.000000
0.979582 -0.076705 -0.185838 0.000000 0.066665 0.995988 -0.059693 13.483900 0.189672 0.046085 0.980765 0.000000 0.000000 0.000000 0.000000 1.000000
0.981030 -0.075533 -0.178535 0.000000 0.065327 0.995912 -0.062379 13.483900 0.182517 0.049532 0.981954 0.000000 0.000000 0.000000 0.000000 1.000000
0.982370 -0.070305 -0.173225 0.000000 0.060367 0.996249 -0.061991 13.483900 0.176934 0.050441 0.982929 -0.000000 0.000000 0.000000 0.000000 1.000000
0.984032 -0.064769 -0.165790 0.000000 0.055626 0.996694 -0.059218 13.483900 0.169078 0.049050 0.984381 0.000000 0.000000 0.000000 0.000000 1.000000</float_array>
        <technique_common>
          <accessor source="#mixamorig12_Spine2-Matrix-animation-output-transform-array" count="24" stride="16">
            <param type="float4x4"/>
          </accessor>
        </technique_common>
      </source>
      <source id="mixamorig12_Spine2-Interpolations">
        <Name_array id="mixamorig12_Spine2-Interpolations-array" count="24">
 LINEAR LINEAR LINEAR LINEAR LINEAR LINEAR LINEAR LINEAR LINEAR LINEAR LINEAR
LINEAR LINEAR LINEAR LINEAR LINEAR LINEAR LINEAR LINEAR LINEAR LINEAR LINEAR LINEAR
LINEAR</Name_array>
        <technique_common>
          <accessor source="#mixamorig12_Spine2-Interpolations-array" count="24">
            <param type="name"/>
          </accessor>
        </technique_common>
      </source>
      <sampler id="mixamorig12_Spine2-Matrix-animation-transform">
        <input semantic="INPUT" source="#mixamorig12_Spine2-Matrix-animation-input"/>
        <input semantic="OUTPUT" source="#mixamorig12_Spine2-Matrix-animation-output-transform"/>
        <input semantic="INTERPOLATION" source="#mixamorig12_Spine2-Interpolations"/>
      </sampler>
      <channel source="#mixamorig12_Spine2-Matrix-animation-transform" target="mixamorig12_Spine2/matrix"/>
    </animation>
    <animation id="mixamorig12_Neck-anim" name="mixamorig12_Neck">
      <source id="mixamorig12_Neck-Matrix-animation-input">
        <float_array id="mixamorig12_Neck-Matrix-animation-input-array" count="24">

0.000000 0.033333 0.066667 0.100000 0.133333 0.166667 0.200000 0.233333 0.266667 0.300000 0.333333 0.366667 0.400000 0.433333 0.466667 0.500000
0.533333 0.566667 0.600000 0.633333 0.666667 0.700000 0.733333 0.766667</float_array>
        <technique_common>
          <accessor source="#mixamorig12_Neck-Matrix-animation-input-array" count="24">
            <param name="TIME" type="float"/>
          </accessor>
        </technique_common>
      </source>
      <source id="mixamorig12_Neck-Matrix-animation-output-transform">
        <float_array id="mixamorig12_Neck-Matrix-animation-output-transform-array" count="384">

0.989933 0.076751 0.118922 0.000000 -0.035942 0.948982 -0.313274 15.169400 -0.136899 0.305846 0.942187 0.000000 0.000000 0.000000 0.000000 1.000000
0.989876 0.080032 0.117218 0.000000 -0.039778 0.949195 -0.312163 15.169400 -0.136245 0.304340 0.942770 0.000000 0.000000 0.000000 0.000000 1.000000
0.989996 0.081142 0.115427 0.000000 -0.042218 0.950963 -0.306409 15.169400 -0.134630 0.298471 0.944876 0.000000 0.000000 0.000000 0.000000 1.000000
0.990295 0.081238 0.112764 0.000000 -0.043701 0.952233 -0.302228 15.169400 -0.131930 0.294367 0.946542 0.000000 0.000000 0.000000 0.000000 1.000000
0.990417 0.085501 0.108462 0.000000 -0.048432 0.950473 -0.307012 15.169400 -0.129340 0.298817 0.945505 0.000000 0.000000 0.000000 0.000000 1.000000
0.990635 0.082472 0.108814 -0.000000 -0.044345 0.948099 -0.314867 15.169400 -0.129134 0.307093 0.942878 0.000000 0.000000 0.000000 0.000000 1.000000
0.990711 0.075906 0.112826 0.000000 -0.036099 0.946743 -0.319960 15.169400 -0.131105 0.312915 0.940689 0.000000 0.000000 0.000000 0.000000 1.000000
0.990560 0.069642 0.118070 0.000000 -0.028861 0.947981 -0.317017 15.169400 -0.134005 0.310617 0.941042 0.000000 0.000000 0.000000 0.000000 1.000000
0.990294 0.065177 0.122763 0.000000 -0.024507 0.951279 -0.307357 15.169400 -0.136814 0.301365 0.943642 0.000000 0.000000 0.000000 0.000000 1.000000
0.990046 0.066556 0.124015 0.000000 -0.026231 0.952941 -0.302019 15.169400 -0.138280 0.295759 0.945201 -0.000000 0.000000 0.000000 0.000000 1.000000
0.989816 0.073726 0.121770 0.000000 -0.033221 0.951445 -0.306020 15.169400 -0.138419 0.298858 0.944205 -0.000000 0.000000 0.000000 0.000000 1.000000
0.989446 0.080648 0.120388 -0.000000 -0.039347 0.949124 -0.312435 15.169400 -0.139460 0.304400 0.942280 -0.000000 0.000000 0.000000 0.000000 1.000000
0.988960 0.081500 0.123756 0.000000 -0.039113 0.949118 -0.312483 15.169400 -0.142926 0.304193 0.941827 0.000000 0.000000 0.000000 0.000000 1.000000
0.988522 0.076145 0.130485 0.000000 -0.032720 0.951102 -0.307140 15.169400 -0.147492 0.299345 0.942676 0.000000 0.000000 0.000000 0.000000 1.000000
0.988218 0.069940 0.136137 0.000000 -0.025546 0.952381 -0.303840 15.169400 -0.150904 0.296782 0.942947 -0.000000 0.000000 0.000000 0.000000 1.000000
0.988100 0.061924 0.140796 0.000000 -0.015803 0.951405 -0.307536 15.169400 -0.152998 0.301651 0.941062 -0.000000 0.000000 0.000000 0.000000 1.000000
0.988055 0.062423 0.140890 0.000000 -0.015359 0.949619 -0.313029 15.169400 -0.153332 0.307126 0.939235 -0.000000 0.000000 0.000000 0.000000 1.000000
0.988114 0.072327 0.135648 0.000000 -0.026532 0.949400 -0.312945 15.169400 -0.151419 0.305627 0.940034 0.000000 0.000000 0.000000 0.000000 1.000000
0.988209 0.084148 0.127912 0.000000 -0.040848 0.950050 -0.309414 15.169400 -0.147559 0.300541 0.942285 -0.000000 0.000000 0.000000 0.000000 1.000000
0.988465 0.088230 0.123093 0.000000 -0.046925 0.951202 -0.304979 15.169400 -0.143995 0.295685 0.944371 0.000000 0.000000 0.000000 0.000000 1.000000
0.988747 0.087728 0.121171 0.000000 -0.047120 0.951404 -0.304318 15.169400 -0.141980 0.295184 0.944832 0.000000 0.000000 0.000000 0.000000 1.000000
0.989099 0.083943 0.120983 -0.000000 -0.043009 0.950462 -0.307851 15.169400 -0.140832 0.299291 0.943711 0.000000 0.000000 0.000000 0.000000 1.000000
0.989510 0.079235 0.120794 0.000000 -0.038013 0.949505 -0.311440 15.169400 -0.139372 0.303582 0.942557 0.000000 0.000000 0.000000 0.000000 1.000000
0.989850 0.076534 0.119752 0.000000 -0.035499 0.949053 -0.313111 15.169400 -0.137615 0.305682 0.942136 -0.000000 0.000000 0.000000 0.000000 1.000000</float_array>
        <technique_common>
          <accessor source="#mixamorig12_Neck-Matrix-animation-output-transform-array" count="24" stride="16">
            <param type="float4x4"/>
          </accessor>
        </technique_common>
      </source>
      <source id="mixamorig12_Neck-Interpolations">
        <Name_array id="mixamorig12_Neck-Interpolations-array" count="24">
 LINEAR LINEAR LINEAR LINEAR LINEAR LINEAR LINEAR LINEAR LINEAR LINEAR LINEAR
LINEAR LINEAR LINEAR LINEAR LINEAR LINEAR LINEAR LINEAR LINEAR LINEAR LINEAR LINEAR
LINEAR</Name_array>
        <technique_common>
          <accessor source="#mixamorig12_Neck-Interpolations-array" count="24">
            <param type="name"/>
          </accessor>
        </technique_common>
      </source>
      <sampler id="mixamorig12_Neck-Matrix-animation-transform">
        <input semantic="INPUT" source="#mixamorig12_Neck-Matrix-animation-input"/>
        <input semantic="OUTPUT" source="#mixamorig12_Neck-Matrix-animation-output-transform"/>
        <input semantic="INTERPOLATION" source="#mixamorig12_Neck-Interpolations"/>
      </sampler>
      <channel source="#mixamorig12_Neck-Matrix-animation-transform" target="mixamorig12_Neck/matrix"/>
    </animation>
    <animation id="mixamorig12_Head-anim" name="mixamorig12_Head">
      <source id="mixamorig12_Head-Matrix-animation-input">
        <float_array id="mixamorig12_Head-Matrix-animation-input-array" count="24">

0.000000 0.033333 0.066667 0.100000 0.133333 0.166667 0.200000 0.233333 0.266667 0.300000 0.333333 0.366667 0.400000 0.433333 0.466667 0.500000
0.533333 0.566667 0.600000 0.633333 0.666667 0.700000 0.733333 0.766667</float_array>
        <technique_common>
          <accessor source="#mixamorig12_Head-Matrix-animation-input-array" count="24">
            <param name="TIME" type="float"/>
          </accessor>
        </technique_common>
      </source>
      <source id="mixamorig12_Head-Matrix-animation-output-transform">
        <float_array id="mixamorig12_Head-Matrix-animation-output-transform-array" count="384">

0.990981 0.080437 0.107177 0.000000 -0.054843 0.973204 -0.223309 7.383900 -0.122267 0.215417 0.968838 2.849900 0.000000 0.000000 0.000000 1.000000
0.990932 0.083310 0.105423 -0.000000 -0.058203 0.973296 -0.222053 7.383900 -0.121107 0.213904 0.969318 2.849900 0.000000 0.000000 0.000000 1.000000
0.991049 0.083967 0.103786 0.000000 -0.059943 0.974541 -0.216048 7.383900 -0.119285 0.207893 0.970851 2.849900 0.000000 0.000000 0.000000 1.000000
0.991365 0.083394 0.101195 0.000000 -0.060448 0.975466 -0.211691 7.383900 -0.116366 0.203746 0.972084 2.849900 0.000000 0.000000 0.000000 1.000000
0.991588 0.086532 0.096253 0.000000 -0.063988 0.974165 -0.216584 7.383900 -0.112508 0.208603 0.971508 2.849900 0.000000 0.000000 0.000000 1.000000
0.991768 0.083292 0.097252 0.000000 -0.059664 0.972630 -0.224567 7.383900 -0.113295 0.216916 0.969594 2.849900 0.000000 0.000000 0.000000 1.000000
0.991719 0.077371 0.102507 0.000000 -0.052077 0.971863 -0.229718 7.383900 -0.117396 0.222478 0.967844 2.849900 0.000000 0.000000 0.000000 1.000000
0.991469 0.072133 0.108564 0.000000 -0.045954 0.972874 -0.226724 7.383900 -0.121973 0.219800 0.967890 2.849900 0.000000 0.000000 0.000000 1.000000
0.991163 0.068719 0.113463 -0.000000 -0.042778 0.975242 -0.216961 7.383900 -0.125564 0.210190 0.969564 2.849900 0.000000 0.000000 0.000000 1.000000
0.990948 0.070545 0.114215 0.000000 -0.045110 0.976306 -0.211639 7.383900 -0.126439 0.204571 0.970651 2.849900 0.000000 0.000000 0.000000 1.000000
0.990788 0.077465 0.111082 0.000000 -0.052048 0.975063 -0.215740 7.383900 -0.125025 0.207971 0.970112 2.849900 0.000000 0.000000 0.000000 1.000000
0.990470 0.084087 0.109078 0.000000 -0.058148 0.973252 -0.222262 7.383900 -0.124850 0.213801 0.968866 2.849900 0.000000 0.000000 0.000000 1.000000
0.989983 0.085403 0.112427 0.000000 -0.058701 0.973193 -0.222371 7.383900 -0.128405 0.213544 0.968458 2.849900 0.000000 0.000000 0.000000 1.000000
0.989502 0.081208 0.119544 0.000000 -0.053759 0.974663 -0.217124 7.383900 -0.134147 0.208418 0.968796 2.849900 0.000000 0.000000 0.000000 1.000000
0.989178 0.076070 0.125457 0.000000 -0.047876 0.975640 -0.214091 7.383900 -0.138687 0.205768 0.968724 2.849900 0.000000 0.000000 0.000000 1.000000
0.988964 0.069157 0.131024 0.000000 -0.039288 0.975124 -0.218149 7.383900 -0.142851 0.210594 0.967080 2.849900 0.000000 0.000000 0.000000 1.000000
0.988885 0.070131 0.131104 0.000000 -0.039385 0.973827 -0.223852 7.383900 -0.143372 0.216200 0.965765 2.849900 0.000000 0.000000 0.000000 1.000000
0.989020 0.079577 0.124525 0.000000 -0.050167 0.973391 -0.223593 7.383900 -0.139004 0.214891 0.966695 2.849900 0.000000 0.000000 0.000000 1.000000
0.989249 0.090205 0.115105 0.000000 -0.063214 0.973528 -0.219651 7.383900 -0.131871 0.210013 0.968764 2.849900 0.000000 0.000000 0.000000 1.000000
0.989556 0.093366 0.109829 0.000000 -0.068073 0.974263 -0.214888 7.383900 -0.127066 0.205167 0.970444 2.849900 0.000000 0.000000 0.000000 1.000000
0.989867 0.092255 0.107948 0.000000 -0.067465 0.974465 -0.214164 7.383900 -0.124949 0.204711 0.970815 2.849900 0.000000 0.000000 0.000000 1.000000
0.990223 0.088195 0.108077 0.000000 -0.062969 0.973951 -0.217841 7.383900 -0.124475 0.208906 0.969982 2.849900 0.000000 0.000000 0.000000 1.000000
0.990611 0.083351 0.108361 0.000000 -0.057669 0.973439 -0.221566 7.383900 -0.123951 0.213236 0.969106 2.849900 0.000000 0.000000 0.000000 1.000000
0.990912 0.080420 0.107822 0.000000 -0.054696 0.973233 -0.223219 7.383900 -0.122887 0.215293 0.968787 2.849900 0.000000 0.000000 0.000000 1.000000</float_array>
        <technique_common>
          <accessor source="#mixamorig12_Head-Matrix-animation-output-transform-array" count="24" stride="16">
            <param type="float4x4"/>
          </accessor>
        </technique_common>
      </source>
      <source id="mixamorig12_Head-Interpolations">
        <Name_array id="mixamorig12_Head-Interpolations-array" count="24">
 LINEAR LINEAR LINEAR LINEAR LINEAR LINEAR LINEAR LINEAR LINEAR LINEAR LINEAR
LINEAR LINEAR LINEAR LINEAR LINEAR LINEAR LINEAR LINEAR LINEAR LINEAR LINEAR LINEAR
LINEAR</Name_array>
        <technique_common>
          <accessor source="#mixamorig12_Head-Interpolations-array" count="24">
            <param type="name"/>
          </accessor>
        </technique_common>
      </source>
      <sampler id="mixamorig12_Head-Matrix-animation-transform">
        <input semantic="INPUT" source="#mixamorig12_Head-Matrix-animation-input"/>
        <input semantic="OUTPUT" source="#mixamorig12_Head-Matrix-animation-output-transform"/>
        <input semantic="INTERPOLATION" source="#mixamorig12_Head-Interpolations"/>
      </sampler>
      <channel source="#mixamorig12_Head-Matrix-animation-transform" target="mixamorig12_Head/matrix"/>
    </animation>
    <animation id="mixamorig12_LeftShoulder-anim" name="mixamorig12_LeftShoulder">
      <source id="mixamorig12_LeftShoulder-Matrix-animation-input">
        <float_array id="mixamorig12_LeftShoulder-Matrix-animation-input-array" count="24">

0.000000 0.033333 0.066667 0.100000 0.133333 0.166667 0.200000 0.233333 0.266667 0.300000 0.333333 0.366667 0.400000 0.433333 0.466667 0.500000
0.533333 0.566667 0.600000 0.633333 0.666667 0.700000 0.733333 0.766667</float_array>
        <technique_common>
          <accessor source="#mixamorig12_LeftShoulder-Matrix-animation-input-array" count="24">
            <param name="TIME" type="float"/>
          </accessor>
        </technique_common>
      </source>
      <source id="mixamorig12_LeftShoulder-Matrix-animation-output-transform">
        <float_array id="mixamorig12_LeftShoulder-Matrix-animation-output-transform-array" count="384">

-0.139683 0.873877 -0.465647 7.052500 0.069833 -0.460392 -0.884965 13.015400 -0.987731 -0.156132 0.003283 -0.256200 0.000000 0.000000 0.000000 1.000000
-0.143814 0.874136 -0.463901 7.052500 0.069043 -0.458769 -0.885869 13.015400 -0.987193 -0.159430 0.005625 -0.256200 0.000000 0.000000 0.000000 1.000000
-0.150503 0.882360 -0.445858 7.052500 0.060812 -0.441878 -0.895012 13.015400 -0.986737 -0.161815 0.012846 -0.256200 0.000000 0.000000 0.000000 1.000000
-0.162753 0.891954 -0.421817 7.052500 0.049701 -0.419563 -0.906365 13.015400 -0.985414 -0.168479 0.023954 -0.256200 0.000000 0.000000 0.000000 1.000000
-0.178791 0.895421 -0.407744 7.052500 0.042934 -0.406926 -0.912452 13.015400 -0.982950 -0.180644 0.034311 -0.256200 0.000000 0.000000 0.000000 1.000000
-0.195488 0.890953 -0.409863 7.052500 0.043643 -0.409609 -0.911217 13.015400 -0.979734 -0.196020 0.041190 -0.256200 0.000000 0.000000 0.000000 1.000000
-0.206491 0.883602 -0.420249 7.052500 0.048489 -0.419737 -0.906350 13.015400 -0.977246 -0.207530 0.043827 -0.256200 0.000000 0.000000 0.000000 1.000000
-0.204620 0.880692 -0.427214 7.052500 0.051842 -0.426086 -0.903196 13.015400 -0.977468 -0.206960 0.041529 -0.256200 0.000000 0.000000 0.000000 1.000000
-0.191400 0.884072 -0.426360 7.052500 0.051444 -0.424758 -0.903844 13.015400 -0.980163 -0.194930 0.035819 -0.256200 0.000000 0.000000 0.000000 1.000000
-0.177935 0.888337 -0.423317 7.052500 0.050055 -0.421454 -0.905467 13.015400 -0.982768 -0.182304 0.030526 -0.256200 0.000000 0.000000 0.000000 1.000000
-0.175378 0.885816 -0.429618 7.052500 0.053019 -0.427250 -0.902578 13.015400 -0.983072 -0.181071 0.027965 -0.256200 0.000000 0.000000 0.000000 1.000000
-0.181159 0.876539 -0.445938 7.052500 0.060782 -0.442595 -0.894659 13.015400 -0.981574 -0.189180 0.026902 -0.256200 0.000000 0.000000 0.000000 1.000000
-0.180672 0.869633 -0.459453 7.052500 0.067301 -0.455114 -0.887886 13.015400 -0.981238 -0.191338 0.023699 -0.256200 0.000000 0.000000 0.000000 1.000000
-0.168340 0.871294 -0.460987 7.052500 0.067905 -0.456300 -0.887231 13.015400 -0.983387 -0.180660 0.017648 -0.256200 0.000000 0.000000 0.000000 1.000000
-0.152677 0.877992 -0.453673 7.052500 0.064308 -0.449256 -0.891086 13.015400 -0.986182 -0.165223 0.012129 -0.256200 0.000000 0.000000 0.000000 1.000000
-0.141182 0.882690 -0.448247 7.052500 0.061730 -0.444052 -0.893872 13.015400 -0.988057 -0.153869 0.008204 -0.256200 0.000000 0.000000 0.000000 1.000000
-0.133111 0.883740 -0.448649 7.052500 0.061899 -0.444380 -0.893697 13.015400 -0.989166 -0.146732 0.004449 -0.256200 0.000000 0.000000 0.000000 1.000000
-0.126162 0.884501 -0.449156 7.052500 0.062117 -0.444842 -0.893453 13.015400 -0.990063 -0.140619 0.001180 -0.256200 0.000000 0.000000 0.000000 1.000000
-0.122347 0.885989 -0.447275 7.052500 0.061230 -0.443064 -0.894396 13.015400 -0.990597 -0.136814 -0.000041 -0.256200 0.000000 0.000000 0.000000 1.000000
-0.123798 0.885899 -0.447055 7.052500 0.061092 -0.442861 -0.894506 13.015400 -0.990425 -0.138049 0.000704 -0.256200 0.000000 0.000000 0.000000 1.000000
-0.128088 0.884170 -0.449262 7.052500 0.062080 -0.444957 -0.893398 13.015400 -0.989818 -0.142324 0.002105 -0.256200 0.000000 0.000000 0.000000 1.000000
-0.131125 0.882692 -0.451289 7.052500 0.063004 -0.446879 -0.892373 13.015400 -0.989362 -0.145445 0.002984 -0.256200 0.000000 0.000000 0.000000 1.000000
-0.132986 0.880301 -0.455394 7.052500 0.064918 -0.450752 -0.890285 13.015400 -0.988990 -0.147959 0.002797 -0.256200 0.000000 0.000000 0.000000 1.000000
-0.136871 0.875838 -0.462789 7.052500 0.068437 -0.457708 -0.886465 13.015400 -0.988222 -0.153003 0.002707 -0.256200 0.000000 0.000000 0.000000 1.000000</float_array>
        <technique_common>
          <accessor source="#mixamorig12_LeftShoulder-Matrix-animation-output-transform-array" count="24" stride="16">
            <param type="float4x4"/>
          </accessor>
        </technique_common>
      </source>
      <source id="mixamorig12_LeftShoulder-Interpolations">
        <Name_array id="mixamorig12_LeftShoulder-Interpolations-array" count="24">
 LINEAR LINEAR LINEAR LINEAR LINEAR LINEAR LINEAR LINEAR LINEAR LINEAR LINEAR
LINEAR LINEAR LINEAR LINEAR LINEAR LINEAR LINEAR LINEAR LINEAR LINEAR LINEAR LINEAR
LINEAR</Name_array>
        <technique_common>
          <accessor source="#mixamorig12_LeftShoulder-Interpolations-array" count="24">
            <param type="name"/>
          </accessor>
        </technique_common>
      </source>
      <sampler id="mixamorig12_LeftShoulder-Matrix-animation-transform">
        <input semantic="INPUT" source="#mixamorig12_LeftShoulder-Matrix-animation-input"/>
