<?xml version="1.0" encoding="utf-8"?>
<COLLADA xmlns="http://www.collada.org/2005/11/COLLADASchema" version="1.4.1">
  <asset>
    <contributor>
      <author>Mixamo</author>
      <authoring_tool>COLLADA Mixamo exporter</authoring_tool>
      <comments/>
    </contributor>
    <created>2025-06-01T07:07:05Z</created>
    <modified>2025-06-01T07:07:05Z</modified>
    <revision/>
    <title/>
    <unit meter="0.010000"/>
    <up_axis>Y_UP</up_axis>
  </asset>
  <library_animations>
    <animation id="mixamorig12_Hips-anim" name="mixamorig12_Hips">
      <source id="mixamorig12_Hips-Matrix-animation-input">
        <float_array id="mixamorig12_Hips-Matrix-animation-input-array" count="41">

0.000000 0.033333 0.066667 0.100000 0.133333 0.166667 0.200000 0.233333 0.266667 0.300000 0.333333 0.366667 0.400000 0.433333 0.466667 0.500000
0.533333 0.566667 0.600000 0.633333 0.666667 0.700000 0.733333 0.766667 0.800000 0.833333 0.866667 0.900000 0.933333 0.966667 1.000000 1.033333
1.066667 1.100000 1.133333 1.166667 1.200000 1.233333 1.266667 1.300000 1.333333</float_array>
        <technique_common>
          <accessor source="#mixamorig12_Hips-Matrix-animation-input-array" count="41">
            <param name="TIME" type="float"/>
          </accessor>
        </technique_common>
      </source>
      <source id="mixamorig12_Hips-Matrix-animation-output-transform">
        <float_array id="mixamorig12_Hips-Matrix-animation-output-transform-array" count="656">

0.586430 0.039533 -0.809034 -0.253951 -0.103789 0.994242 -0.026649 94.873474 0.803323 0.099596 0.587157 0.425609 0.000000 0.000000 0.000000 1.000000
0.586095 0.039946 -0.809257 -0.245229 -0.104251 0.994200 -0.026428 94.811806 0.803507 0.099855 0.586860 0.406111 0.000000 0.000000 0.000000 1.000000
0.586110 0.040278 -0.809229 -0.233329 -0.104433 0.994188 -0.026156 94.761124 0.803473 0.099841 0.586910 0.382745 0.000000 0.000000 0.000000 1.000000
0.586445 0.040557 -0.808973 -0.219856 -0.104606 0.994174 -0.025990 94.721489 0.803206 0.099865 0.587271 0.358437 0.000000 0.000000 0.000000 1.000000
0.586650 0.040694 -0.808818 -0.205122 -0.104770 0.994157 -0.025973 94.686195 0.803035 0.099977 0.587486 0.334517 0.000000 0.000000 0.000000 1.000000
0.586302 0.040615 -0.809074 -0.187263 -0.104716 0.994163 -0.025977 94.651184 0.803296 0.099954 0.587133 0.309278 0.000000 0.000000 0.000000 1.000000
0.585617 0.040542 -0.809573 -0.169155 -0.104587 0.994179 -0.025868 94.617752 0.803812 0.099820 0.586449 0.282756 0.000000 0.000000 0.000000 1.000000
0.585099 0.040691 -0.809940 -0.157963 -0.104610 0.994183 -0.025623 94.587044 0.804186 0.099720 0.585953 0.257583 0.000000 0.000000 0.000000 1.000000
0.584762 0.041016 -0.810167 -0.156428 -0.104764 0.994176 -0.025285 94.556915 0.804412 0.099662 0.585653 0.234135 0.000000 0.000000 0.000000 1.000000
0.584354 0.041463 -0.810439 -0.160724 -0.105012 0.994160 -0.024855 94.525970 0.804675 0.099629 0.585296 0.209868 0.000000 0.000000 0.000000 1.000000
0.584026 0.041962 -0.810650 -0.164687 -0.105421 0.994126 -0.024490 94.495438 0.804860 0.099762 0.585019 0.182230 0.000000 0.000000 0.000000 1.000000
0.584032 0.042234 -0.810631 -0.167377 -0.105928 0.994071 -0.024526 94.469666 0.804790 0.100193 0.585043 0.149285 0.000000 0.000000 0.000000 1.000000
0.584181 0.042287 -0.810521 -0.175684 -0.106351 0.994020 -0.024792 94.453728 0.804625 0.100683 0.585185 0.111807 0.000000 0.000000 0.000000 1.000000
0.584135 0.042463 -0.810545 -0.191166 -0.106744 0.993976 -0.024855 94.448761 0.804607 0.101039 0.585149 0.075164 0.000000 0.000000 0.000000 1.000000
0.583827 0.042833 -0.810748 -0.205474 -0.107329 0.993915 -0.024778 94.450027 0.804753 0.101483 0.584871 0.044538 0.000000 0.000000 0.000000 1.000000
0.583410 0.043265 -0.811024 -0.216336 -0.108120 0.993829 -0.024759 94.450928 0.804949 0.102133 0.584488 0.019301 0.000000 0.000000 0.000000 1.000000
0.583096 0.043576 -0.811234 -0.230066 -0.108870 0.993745 -0.024874 94.449127 0.805076 0.102823 0.584192 -0.003546 0.000000 0.000000 0.000000 1.000000
0.583037 0.043679 -0.811270 -0.248087 -0.109383 0.993683 -0.025110 94.449852 0.805048 0.103379 0.584132 -0.022155 0.000000 0.000000 0.000000 1.000000
0.583321 0.043715 -0.811065 -0.266837 -0.109694 0.993642 -0.025337 94.462440 0.804801 0.103748 0.584408 -0.033229 0.000000 0.000000 0.000000 1.000000
0.583912 0.043704 -0.810640 -0.284031 -0.109802 0.993626 -0.025523 94.491127 0.804357 0.103913 0.584988 -0.034374 0.000000 0.000000 0.000000 1.000000
0.584562 0.043538 -0.810180 -0.300332 -0.109619 0.993641 -0.025696 94.531860 0.803910 0.103832 0.585618 -0.023721 0.000000 0.000000 0.000000 1.000000
0.585054 0.043232 -0.809841 -0.317057 -0.109141 0.993691 -0.025801 94.577232 0.803617 0.103482 0.586082 -0.004305 0.000000 0.000000 0.000000 1.000000
0.585531 0.043036 -0.809507 -0.334727 -0.108509 0.993764 -0.025655 94.622101 0.803355 0.102861 0.586549 0.019175 0.000000 0.000000 0.000000 1.000000
0.586256 0.043070 -0.808980 -0.353343 -0.107881 0.993843 -0.025268 94.666656 0.802910 0.102087 0.587293 0.046133 0.000000 0.000000 0.000000 1.000000
0.587220 0.043156 -0.808276 -0.371859 -0.107353 0.993908 -0.024926 94.713387 0.802276 0.101408 0.588276 0.078336 0.000000 0.000000 0.000000 1.000000
0.588235 0.043144 -0.807539 -0.389911 -0.106920 0.993959 -0.024779 94.758766 0.801591 0.100918 0.589294 0.114810 0.000000 0.000000 0.000000 1.000000
0.589115 0.043025 -0.806903 -0.410639 -0.106418 0.994015 -0.024694 94.799248 0.801011 0.100417 0.590168 0.153256 0.000000 0.000000 0.000000 1.000000
0.589713 0.042778 -0.806479 -0.435383 -0.105754 0.994088 -0.024600 94.843697 0.800659 0.099795 0.590751 0.194163 0.000000 0.000000 0.000000 1.000000
0.589880 0.042478 -0.806373 -0.457427 -0.105204 0.994147 -0.024590 94.894745 0.800608 0.099339 0.590896 0.238457 0.000000 0.000000 0.000000 1.000000
0.589637 0.042186 -0.806566 -0.471455 -0.104799 0.994189 -0.024614 94.944366 0.800840 0.099041 0.590632 0.279522 0.000000 0.000000 0.000000 1.000000
0.589191 0.041841 -0.806910 -0.478835 -0.104314 0.994240 -0.024614 94.990326 0.801232 0.098674 0.590162 0.312936 0.000000 0.000000 0.000000 1.000000
0.588747 0.041240 -0.807265 -0.483106 -0.103643 0.994306 -0.024792 95.037979 0.801645 0.098263 0.589669 0.337209 0.000000 0.000000 0.000000 1.000000
0.588493 0.040599 -0.807482 -0.483345 -0.103179 0.994343 -0.025204 95.081657 0.801891 0.098148 0.589354 0.355899 0.000000 0.000000 0.000000 1.000000
0.588476 0.040193 -0.807515 -0.475614 -0.103163 0.994333 -0.025688 95.111572 0.801906 0.098423 0.589287 0.374355 0.000000 0.000000 0.000000 1.000000
0.588364 0.039767 -0.807618 -0.458695 -0.103185 0.994317 -0.026212 95.127731 0.801985 0.098756 0.589124 0.389972 0.000000 0.000000 0.000000 1.000000
0.587971 0.039180 -0.807933 -0.436294 -0.103057 0.994315 -0.026781 95.128174 0.802290 0.099010 0.588666 0.398543 0.000000 0.000000 0.000000 1.000000
0.587598 0.038802 -0.808222 -0.409174 -0.103133 0.994294 -0.027245 95.103180 0.802553 0.099364 0.588248 0.406442 0.000000 0.000000 0.000000 1.000000
0.587393 0.038876 -0.808367 -0.373041 -0.103420 0.994262 -0.027334 95.053345 0.802666 0.099657 0.588043 0.419612 0.000000 0.000000 0.000000 1.000000
0.587186 0.039174 -0.808504 -0.329911 -0.103528 0.994260 -0.027014 94.994743 0.802805 0.099565 0.587871 0.431271 0.000000 0.000000 0.000000 1.000000
0.586871 0.039411 -0.808721 -0.289522 -0.103528 0.994269 -0.026675 94.935883 0.803034 0.099381 0.587588 0.433839 0.000000 0.000000 0.000000 1.000000
0.586430 0.039533 -0.809035 -0.253951 -0.103789 0.994242 -0.026649 94.873482 0.803323 0.099596 0.587157 0.425609 0.000000 0.000000 0.000000 1.000000</float_array>
        <technique_common>
          <accessor source="#mixamorig12_Hips-Matrix-animation-output-transform-array" count="41" stride="16">
            <param type="float4x4"/>
          </accessor>
        </technique_common>
      </source>
      <source id="mixamorig12_Hips-Interpolations">
        <Name_array id="mixamorig12_Hips-Interpolations-array" count="41">
 LINEAR LINEAR LINEAR LINEAR LINEAR LINEAR LINEAR LINEAR LINEAR LINEAR LINEAR
LINEAR LINEAR LINEAR LINEAR LINEAR LINEAR LINEAR LINEAR LINEAR LINEAR LINEAR LINEAR
LINEAR LINEAR LINEAR LINEAR LINEAR LINEAR LINEAR LINEAR LINEAR LINEAR LINEAR LINEAR
LINEAR LINEAR LINEAR LINEAR LINEAR LINEAR</Name_array>
        <technique_common>
          <accessor source="#mixamorig12_Hips-Interpolations-array" count="41">
            <param type="name"/>
          </accessor>
        </technique_common>
      </source>
      <sampler id="mixamorig12_Hips-Matrix-animation-transform">
        <input semantic="INPUT" source="#mixamorig12_Hips-Matrix-animation-input"/>
        <input semantic="OUTPUT" source="#mixamorig12_Hips-Matrix-animation-output-transform"/>
        <input semantic="INTERPOLATION" source="#mixamorig12_Hips-Interpolations"/>
      </sampler>
      <channel source="#mixamorig12_Hips-Matrix-animation-transform" target="mixamorig12_Hips/matrix"/>
    </animation>
    <animation id="mixamorig12_Spine-anim" name="mixamorig12_Spine">
      <source id="mixamorig12_Spine-Matrix-animation-input">
        <float_array id="mixamorig12_Spine-Matrix-animation-input-array" count="41">

0.000000 0.033333 0.066667 0.100000 0.133333 0.166667 0.200000 0.233333 0.266667 0.300000 0.333333 0.366667 0.400000 0.433333 0.466667 0.500000
0.533333 0.566667 0.600000 0.633333 0.666667 0.700000 0.733333 0.766667 0.800000 0.833333 0.866667 0.900000 0.933333 0.966667 1.000000 1.033333
1.066667 1.100000 1.133333 1.166667 1.200000 1.233333 1.266667 1.300000 1.333333</float_array>
        <technique_common>
          <accessor source="#mixamorig12_Spine-Matrix-animation-input-array" count="41">
            <param name="TIME" type="float"/>
          </accessor>
        </technique_common>
      </source>
      <source id="mixamorig12_Spine-Matrix-animation-output-transform">
        <float_array id="mixamorig12_Spine-Matrix-animation-output-transform-array" count="656">

0.992405 -0.050859 0.112007 0.000000 0.043809 0.996954 0.064529 10.052400 -0.114948 -0.059132 0.991610 -1.105100 0.000000 0.000000 0.000000 1.000000
0.992387 -0.051395 0.111923 0.000000 0.044386 0.996947 0.064243 10.052400 -0.114883 -0.058786 0.991638 -1.105100 0.000000 0.000000 0.000000 1.000000
0.992401 -0.051660 0.111676 0.000000 0.044722 0.996962 0.063765 10.052400 -0.114631 -0.058286 0.991697 -1.105100 0.000000 0.000000 0.000000 1.000000
0.992426 -0.051888 0.111344 0.000000 0.045014 0.996974 0.063383 10.052400 -0.114296 -0.057891 0.991759 -1.105100 0.000000 0.000000 0.000000 1.000000
0.992446 -0.052094 0.111073 0.000000 0.045271 0.996980 0.063092 10.052400 -0.114024 -0.057587 0.991808 -1.105100 0.000000 0.000000 0.000000 1.000000
0.992443 -0.052112 0.111089 -0.000000 0.045329 0.997000 0.062735 10.052400 -0.114025 -0.057225 0.991828 -1.105100 0.000000 0.000000 0.000000 1.000000
0.992426 -0.052072 0.111265 0.000000 0.045324 0.997026 0.062335 10.052400 -0.114180 -0.056820 0.991834 -1.105100 0.000000 0.000000 0.000000 1.000000
0.992430 -0.052114 0.111202 -0.000000 0.045407 0.997042 0.062018 10.052400 -0.114105 -0.056499 0.991861 -1.105100 0.000000 0.000000 0.000000 1.000000
0.992473 -0.052085 0.110835 0.000000 0.045422 0.997053 0.061815 10.052400 -0.113728 -0.056316 0.991915 -1.105100 0.000000 0.000000 0.000000 1.000000
0.992537 -0.051919 0.110339 0.000000 0.045308 0.997072 0.061601 10.052400 -0.113214 -0.056142 0.991983 -1.105100 0.000000 0.000000 0.000000 1.000000
0.992594 -0.051827 0.109868 0.000000 0.045271 0.997089 0.061349 10.052400 -0.112727 -0.055921 0.992051 -1.105100 0.000000 0.000000 0.000000 1.000000
0.992634 -0.051784 0.109531 0.000000 0.045257 0.997096 0.061254 10.052400 -0.112385 -0.055845 0.992094 -1.105100 0.000000 0.000000 0.000000 1.000000
0.992680 -0.051486 0.109249 0.000000 0.044972 0.997107 0.061278 10.052400 -0.112088 -0.055917 0.992124 -1.105100 0.000000 0.000000 0.000000 1.000000
0.992742 -0.051028 0.108905 0.000000 0.044535 0.997129 0.061239 10.052400 -0.111717 -0.055945 0.992164 -1.105100 0.000000 0.000000 0.000000 1.000000
0.992770 -0.050853 0.108726 -0.000000 0.044368 0.997136 0.061255 10.052400 -0.111529 -0.055989 0.992183 -1.105100 0.000000 0.000000 0.000000 1.000000
0.992740 -0.051044 0.108913 -0.000000 0.044528 0.997117 0.061440 10.052400 -0.111735 -0.056144 0.992151 -1.105100 0.000000 0.000000 0.000000 1.000000
0.992701 -0.051226 0.109181 0.000000 0.044660 0.997092 0.061758 10.052400 -0.112027 -0.056431 0.992102 -1.105100 0.000000 0.000000 0.000000 1.000000
0.992694 -0.051195 0.109262 -0.000000 0.044580 0.997070 0.062154 10.052400 -0.112124 -0.056829 0.992068 -1.105100 0.000000 0.000000 0.000000 1.000000
0.992696 -0.051139 0.109268 -0.000000 0.044477 0.997050 0.062560 10.052400 -0.112145 -0.057243 0.992042 -1.105100 0.000000 0.000000 0.000000 1.000000
0.992678 -0.051160 0.109421 -0.000000 0.044441 0.997024 0.062993 10.052400 -0.112318 -0.057669 0.991998 -1.105100 0.000000 0.000000 0.000000 1.000000
0.992635 -0.051144 0.109815 0.000000 0.044343 0.996996 0.063505 10.052400 -0.112733 -0.058168 0.991921 -1.105100 0.000000 0.000000 0.000000 1.000000
0.992581 -0.051018 0.110362 0.000000 0.044124 0.996972 0.064034 10.052400 -0.113294 -0.058690 0.991827 -1.105100 0.000000 0.000000 0.000000 1.000000
0.992527 -0.050881 0.110909 0.000000 0.043910 0.996956 0.064419 10.052400 -0.113849 -0.059068 0.991741 -1.105100 0.000000 0.000000 0.000000 1.000000
0.992483 -0.050842 0.111320 0.000000 0.043818 0.996945 0.064659 10.052400 -0.114267 -0.059295 0.991679 -1.105100 0.000000 0.000000 0.000000 1.000000
0.992456 -0.050936 0.111524 0.000000 0.043870 0.996925 0.064930 10.052400 -0.114488 -0.059547 0.991638 -1.105100 0.000000 0.000000 0.000000 1.000000
0.992452 -0.051067 0.111499 0.000000 0.043957 0.996896 0.065323 10.052400 -0.114489 -0.059929 0.991615 -1.105100 0.000000 0.000000 0.000000 1.000000
0.992479 -0.050927 0.111322 0.000000 0.043773 0.996873 0.065789 10.052400 -0.114324 -0.060421 0.991604 -1.105100 0.000000 0.000000 0.000000 1.000000
0.992510 -0.050440 0.111261 -0.000000 0.043231 0.996863 0.066290 10.052400 -0.114256 -0.060984 0.991578 -1.105100 0.000000 0.000000 0.000000 1.000000
0.992499 -0.050167 0.111484 0.000000 0.042881 0.996843 0.066819 10.052400 -0.114484 -0.061537 0.991517 -1.105100 0.000000 0.000000 0.000000 1.000000
0.992470 -0.050118 0.111766 0.000000 0.042766 0.996820 0.067237 10.052400 -0.114780 -0.061951 0.991457 -1.105100 0.000000 0.000000 0.000000 1.000000
0.992464 -0.049865 0.111932 0.000000 0.042471 0.996815 0.067496 10.052400 -0.114941 -0.062233 0.991421 -1.105100 0.000000 0.000000 0.000000 1.000000
0.992480 -0.049234 0.112073 -0.000000 0.041803 0.996828 0.067719 10.052400 -0.115052 -0.062524 0.991390 -1.105100 0.000000 0.000000 0.000000 1.000000
0.992491 -0.048764 0.112173 0.000000 0.041296 0.996833 0.067961 10.052400 -0.115132 -0.062819 0.991362 -1.105100 0.000000 0.000000 0.000000 1.000000
0.992496 -0.048782 0.112127 0.000000 0.041296 0.996820 0.068149 10.052400 -0.115095 -0.063008 0.991354 -1.105100 0.000000 0.000000 0.000000 1.000000
0.992502 -0.048802 0.112065 0.000000 0.041314 0.996816 0.068193 10.052400 -0.115036 -0.063051 0.991358 -1.105100 0.000000 0.000000 0.000000 1.000000
0.992505 -0.048629 0.112112 0.000000 0.041152 0.996832 0.068069 10.052400 -0.115067 -0.062945 0.991361 -1.105100 0.000000 0.000000 0.000000 1.000000
0.992492 -0.048820 0.112147 0.000000 0.041380 0.996845 0.067737 10.052400 -0.115100 -0.062588 0.991380 -1.105100 0.000000 0.000000 0.000000 1.000000
0.992463 -0.049534 0.112086 0.000000 0.042182 0.996858 0.067037 10.052400 -0.115055 -0.061803 0.991435 -1.105100 0.000000 0.000000 0.000000 1.000000
0.992433 -0.050191 0.112059 0.000000 0.042963 0.996893 0.066018 10.052400 -0.115024 -0.060704 0.991506 -1.105100 0.000000 0.000000 0.000000 1.000000
0.992412 -0.050546 0.112085 0.000000 0.043422 0.996932 0.065121 10.052400 -0.115033 -0.059760 0.991562 -1.105100 0.000000 0.000000 0.000000 1.000000
0.992405 -0.050859 0.112007 0.000000 0.043809 0.996954 0.064529 10.052400 -0.114948 -0.059132 0.991610 -1.105100 0.000000 0.000000 0.000000 1.000000</float_array>
        <technique_common>
          <accessor source="#mixamorig12_Spine-Matrix-animation-output-transform-array" count="41" stride="16">
            <param type="float4x4"/>
          </accessor>
        </technique_common>
      </source>
      <source id="mixamorig12_Spine-Interpolations">
        <Name_array id="mixamorig12_Spine-Interpolations-array" count="41">
 LINEAR LINEAR LINEAR LINEAR LINEAR LINEAR LINEAR LINEAR LINEAR LINEAR LINEAR
LINEAR LINEAR LINEAR LINEAR LINEAR LINEAR LINEAR LINEAR LINEAR LINEAR LINEAR LINEAR
LINEAR LINEAR LINEAR LINEAR LINEAR LINEAR LINEAR LINEAR LINEAR LINEAR LINEAR LINEAR
LINEAR LINEAR LINEAR LINEAR LINEAR LINEAR</Name_array>
        <technique_common>
          <accessor source="#mixamorig12_Spine-Interpolations-array" count="41">
            <param type="name"/>
          </accessor>
        </technique_common>
      </source>
      <sampler id="mixamorig12_Spine-Matrix-animation-transform">
        <input semantic="INPUT" source="#mixamorig12_Spine-Matrix-animation-input"/>
        <input semantic="OUTPUT" source="#mixamorig12_Spine-Matrix-animation-output-transform"/>
        <input semantic="INTERPOLATION" source="#mixamorig12_Spine-Interpolations"/>
      </sampler>
      <channel source="#mixamorig12_Spine-Matrix-animation-transform" target="mixamorig12_Spine/matrix"/>
    </animation>
    <animation id="mixamorig12_Spine1-anim" name="mixamorig12_Spine1">
      <source id="mixamorig12_Spine1-Matrix-animation-input">
        <float_array id="mixamorig12_Spine1-Matrix-animation-input-array" count="41">

0.000000 0.033333 0.066667 0.100000 0.133333 0.166667 0.200000 0.233333 0.266667 0.300000 0.333333 0.366667 0.400000 0.433333 0.466667 0.500000
0.533333 0.566667 0.600000 0.633333 0.666667 0.700000 0.733333 0.766667 0.800000 0.833333 0.866667 0.900000 0.933333 0.966667 1.000000 1.033333
1.066667 1.100000 1.133333 1.166667 1.200000 1.233333 1.266667 1.300000 1.333333</float_array>
        <technique_common>
          <accessor source="#mixamorig12_Spine1-Matrix-animation-input-array" count="41">
            <param name="TIME" type="float"/>
          </accessor>
        </technique_common>
      </source>
      <source id="mixamorig12_Spine1-Matrix-animation-output-transform">
        <float_array id="mixamorig12_Spine1-Matrix-animation-output-transform-array" count="656">

0.990537 -0.007939 0.137017 -0.000000 0.014321 0.998854 -0.045659 11.798400 -0.136498 0.047189 0.989516 0.000000 0.000000 0.000000 0.000000 1.000000
0.990543 -0.007908 0.136973 0.000000 0.014303 0.998850 -0.045769 11.798400 -0.136454 0.047295 0.989517 0.000000 0.000000 0.000000 0.000000 1.000000
0.990568 -0.007787 0.136799 -0.000000 0.014207 0.998840 -0.046015 11.798400 -0.136282 0.047524 0.989530 0.000000 0.000000 0.000000 0.000000 1.000000
0.990602 -0.007725 0.136554 0.000000 0.014156 0.998832 -0.046189 11.798400 -0.136038 0.047688 0.989555 0.000000 0.000000 0.000000 0.000000 1.000000
0.990629 -0.007717 0.136360 0.000000 0.014155 0.998827 -0.046305 11.798400 -0.135843 0.047801 0.989577 0.000000 0.000000 0.000000 0.000000 1.000000
0.990623 -0.007660 0.136406 0.000000 0.014126 0.998819 -0.046498 11.798400 -0.135888 0.047989 0.989561 0.000000 0.000000 0.000000 0.000000 1.000000
0.990599 -0.007574 0.136585 0.000000 0.014083 0.998807 -0.046748 11.798400 -0.136068 0.048232 0.989525 0.000000 0.000000 0.000000 0.000000 1.000000
0.990602 -0.007506 0.136571 0.000000 0.014039 0.998799 -0.046937 11.798400 -0.136055 0.048413 0.989518 0.000000 0.000000 0.000000 0.000000 1.000000
0.990637 -0.007408 0.136320 0.000000 0.013941 0.998796 -0.047033 11.798400 -0.135807 0.048493 0.989548 0.000000 0.000000 0.000000 0.000000 1.000000
0.990687 -0.007229 0.135970 0.000000 0.013757 0.998794 -0.047134 11.798400 -0.135465 0.048565 0.989591 0.000000 0.000000 0.000000 0.000000 1.000000
0.990737 -0.007008 0.135617 -0.000000 0.013533 0.998791 -0.047255 11.798400 -0.135121 0.048653 0.989634 0.000000 0.000000 0.000000 0.000000 1.000000
0.990775 -0.006759 0.135345 0.000000 0.013267 0.998796 -0.047235 11.798400 -0.134863 0.048595 0.989672 0.000000 0.000000 0.000000 0.000000 1.000000
0.990808 -0.006443 0.135121 0.000000 0.012918 0.998807 -0.047102 11.798400 -0.134656 0.048414 0.989709 0.000000 0.000000 0.000000 0.000000 1.000000
0.990846 -0.006123 0.134856 0.000000 0.012571 0.998815 -0.047013 11.798400 -0.134409 0.048278 0.989749 0.000000 0.000000 0.000000 0.000000 1.000000
0.990866 -0.005963 0.134716 0.000000 0.012389 0.998822 -0.046914 11.798400 -0.134278 0.048154 0.989773 0.000000 0.000000 0.000000 0.000000 1.000000
0.990846 -0.005976 0.134867 0.000000 0.012385 0.998831 -0.046730 11.798400 -0.134430 0.047973 0.989761 0.000000 0.000000 0.000000 0.000000 1.000000
0.990816 -0.006013 0.135086 -0.000000 0.012397 0.998843 -0.046469 11.798400 -0.134650 0.047717 0.989744 0.000000 0.000000 0.000000 0.000000 1.000000
0.990808 -0.006016 0.135143 0.000000 0.012361 0.998858 -0.046155 11.798400 -0.134711 0.047401 0.989751 0.000000 0.000000 0.000000 0.000000 1.000000
0.990810 -0.006053 0.135127 -0.000000 0.012357 0.998872 -0.045859 11.798400 -0.134697 0.047107 0.989766 0.000000 0.000000 0.000000 0.000000 1.000000
0.990795 -0.006181 0.135231 -0.000000 0.012452 0.998883 -0.045581 11.798400 -0.134798 0.046846 0.989765 0.000000 0.000000 0.000000 0.000000 1.000000
0.990752 -0.006391 0.135537 0.000000 0.012639 0.998894 -0.045284 11.798400 -0.135098 0.046578 0.989737 -0.000000 0.000000 0.000000 0.000000 1.000000
0.990691 -0.006596 0.135972 -0.000000 0.012830 0.998904 -0.045020 11.798400 -0.135526 0.046345 0.989689 0.000000 0.000000 0.000000 0.000000 1.000000
0.990629 -0.006755 0.136410 0.000000 0.012996 0.998906 -0.044911 11.798400 -0.135957 0.046263 0.989634 -0.000000 0.000000 0.000000 0.000000 1.000000
0.990583 -0.006945 0.136735 0.000000 0.013204 0.998903 -0.044921 11.798400 -0.136273 0.046304 0.989589 0.000000 0.000000 0.000000 0.000000 1.000000
0.990563 -0.007190 0.136872 0.000000 0.013451 0.998902 -0.044875 11.798400 -0.136399 0.046293 0.989572 0.000000 0.000000 0.000000 0.000000 1.000000
0.990571 -0.007398 0.136804 0.000000 0.013634 0.998907 -0.044699 11.798400 -0.136324 0.046143 0.989589 0.000000 0.000000 0.000000 0.000000 1.000000
0.990593 -0.007494 0.136637 -0.000000 0.013689 0.998918 -0.044457 11.798400 -0.136156 0.045909 0.989623 -0.000000 0.000000 0.000000 0.000000 1.000000
0.990597 -0.007517 0.136608 -0.000000 0.013674 0.998930 -0.044188 11.798400 -0.136130 0.045641 0.989639 0.000000 0.000000 0.000000 0.000000 1.000000
0.990571 -0.007621 0.136786 0.000000 0.013746 0.998942 -0.043895 11.798400 -0.136307 0.045362 0.989628 0.000000 0.000000 0.000000 0.000000 1.000000
0.990544 -0.007809 0.136974 0.000000 0.013916 0.998949 -0.043682 11.798400 -0.136489 0.045175 0.989611 0.000000 0.000000 0.000000 0.000000 1.000000
0.990529 -0.007952 0.137074 0.000000 0.014052 0.998951 -0.043589 11.798400 -0.136583 0.045102 0.989601 0.000000 0.000000 0.000000 0.000000 1.000000
0.990516 -0.007954 0.137166 0.000000 0.014047 0.998954 -0.043513 11.798400 -0.136677 0.045027 0.989592 0.000000 0.000000 0.000000 0.000000 1.000000
0.990511 -0.007970 0.137200 0.000000 0.014051 0.998958 -0.043412 11.798400 -0.136711 0.044928 0.989592 0.000000 0.000000 0.000000 0.000000 1.000000
0.990525 -0.008165 0.137090 0.000000 0.014234 0.998959 -0.043344 11.798400 -0.136593 0.044884 0.989610 -0.000000 0.000000 0.000000 0.000000 1.000000
0.990538 -0.008347 0.136984 0.000000 0.014415 0.998955 -0.043366 11.798400 -0.136479 0.044930 0.989624 -0.000000 0.000000 0.000000 0.000000 1.000000
0.990537 -0.008328 0.136995 -0.000000 0.014411 0.998951 -0.043473 11.798400 -0.136489 0.045036 0.989617 -0.000000 0.000000 0.000000 0.000000 1.000000
0.990535 -0.008295 0.137010 -0.000000 0.014405 0.998942 -0.043667 11.798400 -0.136503 0.045227 0.989607 -0.000000 0.000000 0.000000 0.000000 1.000000
0.990541 -0.008358 0.136964 0.000000 0.014523 0.998923 -0.044076 11.798400 -0.136448 0.045649 0.989595 0.000000 0.000000 0.000000 0.000000 1.000000
0.990540 -0.008304 0.136972 0.000000 0.014557 0.998894 -0.044716 11.798400 -0.136449 0.046287 0.989565 0.000000 0.000000 0.000000 0.000000 1.000000
0.990533 -0.008086 0.137037 0.000000 0.014420 0.998870 -0.045294 11.798400 -0.136516 0.046841 0.989530 0.000000 0.000000 0.000000 0.000000 1.000000
0.990537 -0.007939 0.137017 0.000000 0.014321 0.998854 -0.045659 11.798400 -0.136498 0.047189 0.989516 0.000000 0.000000 0.000000 0.000000 1.000000</float_array>
        <technique_common>
          <accessor source="#mixamorig12_Spine1-Matrix-animation-output-transform-array" count="41" stride="16">
            <param type="float4x4"/>
          </accessor>
        </technique_common>
      </source>
      <source id="mixamorig12_Spine1-Interpolations">
        <Name_array id="mixamorig12_Spine1-Interpolations-array" count="41">
 LINEAR LINEAR LINEAR LINEAR LINEAR LINEAR LINEAR LINEAR LINEAR LINEAR LINEAR
LINEAR LINEAR LINEAR LINEAR LINEAR LINEAR LINEAR LINEAR LINEAR LINEAR LINEAR LINEAR
LINEAR LINEAR LINEAR LINEAR LINEAR LINEAR LINEAR LINEAR LINEAR LINEAR LINEAR LINEAR
LINEAR LINEAR LINEAR LINEAR LINEAR LINEAR</Name_array>
        <technique_common>
          <accessor source="#mixamorig12_Spine1-Interpolations-array" count="41">
            <param type="name"/>
          </accessor>
        </technique_common>
      </source>
      <sampler id="mixamorig12_Spine1-Matrix-animation-transform">
        <input semantic="INPUT" source="#mixamorig12_Spine1-Matrix-animation-input"/>
        <input semantic="OUTPUT" source="#mixamorig12_Spine1-Matrix-animation-output-transform"/>
        <input semantic="INTERPOLATION" source="#mixamorig12_Spine1-Interpolations"/>
      </sampler>
      <channel source="#mixamorig12_Spine1-Matrix-animation-transform" target="mixamorig12_Spine1/matrix"/>
    </animation>
    <animation id="mixamorig12_Spine2-anim" name="mixamorig12_Spine2">
      <source id="mixamorig12_Spine2-Matrix-animation-input">
        <float_array id="mixamorig12_Spine2-Matrix-animation-input-array" count="41">

0.000000 0.033333 0.066667 0.100000 0.133333 0.166667 0.200000 0.233333 0.266667 0.300000 0.333333 0.366667 0.400000 0.433333 0.466667 0.500000
0.533333 0.566667 0.600000 0.633333 0.666667 0.700000 0.733333 0.766667 0.800000 0.833333 0.866667 0.900000 0.933333 0.966667 1.000000 1.033333
1.066667 1.100000 1.133333 1.166667 1.200000 1.233333 1.266667 1.300000 1.333333</float_array>
        <technique_common>
          <accessor source="#mixamorig12_Spine2-Matrix-animation-input-array" count="41">
            <param name="TIME" type="float"/>
          </accessor>
        </technique_common>
      </source>
      <source id="mixamorig12_Spine2-Matrix-animation-output-transform">
        <float_array id="mixamorig12_Spine2-Matrix-animation-output-transform-array" count="656">

0.990540 -0.004761 0.137138 0.000000 0.011335 0.998821 -0.047196 13.483900 -0.136752 0.048304 0.989427 -0.000000 0.000000 0.000000 0.000000 1.000000
0.990544 -0.004693 0.137112 0.000000 0.011279 0.998817 -0.047297 13.483900 -0.136728 0.048396 0.989426 0.000000 0.000000 0.000000 0.000000 1.000000
0.990566 -0.004532 0.136961 -0.000000 0.011142 0.998807 -0.047534 13.483900 -0.136582 0.048611 0.989435 -0.000000 0.000000 0.000000 0.000000 1.000000
0.990597 -0.004434 0.136740 -0.000000 0.011055 0.998801 -0.047700 13.483900 -0.136364 0.048763 0.989458 -0.000000 0.000000 0.000000 0.000000 1.000000
0.990622 -0.004397 0.136562 0.000000 0.011024 0.998796 -0.047809 13.483900 -0.136187 0.048866 0.989477 0.000000 0.000000 0.000000 0.000000 1.000000
0.990614 -0.004318 0.136617 0.000000 0.010973 0.998787 -0.047998 13.483900 -0.136245 0.049047 0.989460 0.000000 0.000000 0.000000 0.000000 1.000000
0.990589 -0.004216 0.136808 0.000000 0.010914 0.998776 -0.048242 13.483900 -0.136437 0.049281 0.989422 0.000000 0.000000 0.000000 0.000000 1.000000
0.990588 -0.004131 0.136813 -0.000000 0.010852 0.998768 -0.048417 13.483900 -0.136445 0.049446 0.989413 0.000000 0.000000 0.000000 0.000000 1.000000
0.990620 -0.004016 0.136587 -0.000000 0.010736 0.998766 -0.048496 13.483900 -0.136224 0.049507 0.989440 -0.000000 0.000000 0.000000 0.000000 1.000000
0.990666 -0.003819 0.136261 0.000000 0.010533 0.998764 -0.048584 13.483900 -0.135907 0.049566 0.989481 0.000000 0.000000 0.000000 0.000000 1.000000
0.990713 -0.003574 0.135925 -0.000000 0.010284 0.998760 -0.048701 13.483900 -0.135583 0.049647 0.989521 -0.000000 0.000000 0.000000 0.000000 1.000000
0.990749 -0.003299 0.135666 -0.000000 0.009992 0.998764 -0.048682 13.483900 -0.135338 0.049587 0.989558 0.000000 0.000000 0.000000 0.000000 1.000000
0.990780 -0.002959 0.135451 0.000000 0.009620 0.998774 -0.048549 13.483900 -0.135141 0.049405 0.989594 0.000000 0.000000 0.000000 0.000000 1.000000
0.990816 -0.002617 0.135194 0.000000 0.009251 0.998782 -0.048465 13.483900 -0.134902 0.049271 0.989633 0.000000 0.000000 0.000000 0.000000 1.000000
0.990835 -0.002441 0.135058 0.000000 0.009053 0.998789 -0.048368 13.483900 -0.134777 0.049147 0.989656 0.000000 0.000000 0.000000 0.000000 1.000000
0.990814 -0.002448 0.135209 0.000000 0.009043 0.998798 -0.048181 13.483900 -0.134929 0.048961 0.989645 0.000000 0.000000 0.000000 0.000000 1.000000
0.990785 -0.002487 0.135423 0.000000 0.009056 0.998810 -0.047915 13.483900 -0.135143 0.048700 0.989629 0.000000 0.000000 0.000000 0.000000 1.000000
0.990778 -0.002495 0.135474 -0.000000 0.009024 0.998826 -0.047599 13.483900 -0.135196 0.048383 0.989637 0.000000 0.000000 0.000000 0.000000 1.000000
0.990781 -0.002543 0.135452 0.000000 0.009030 0.998840 -0.047301 13.483900 -0.135175 0.048089 0.989654 0.000000 0.000000 0.000000 0.000000 1.000000
0.990768 -0.002690 0.135544 0.000000 0.009146 0.998852 -0.047026 13.483900 -0.135262 0.047831 0.989655 0.000000 0.000000 0.000000 0.000000 1.000000
0.990728 -0.002934 0.135828 0.000000 0.009365 0.998864 -0.046733 13.483900 -0.135537 0.047572 0.989630 -0.000000 0.000000 0.000000 0.000000 1.000000
0.990671 -0.003184 0.136238 0.000000 0.009601 0.998873 -0.046472 13.483900 -0.135936 0.047347 0.989586 -0.000000 0.000000 0.000000 0.000000 1.000000
0.990614 -0.003393 0.136650 0.000000 0.009817 0.998876 -0.046367 13.483900 -0.136340 0.047273 0.989534 -0.000000 0.000000 0.000000 0.000000 1.000000
0.990571 -0.003630 0.136949 0.000000 0.010073 0.998873 -0.046388 13.483900 -0.136626 0.047330 0.989491 -0.000000 0.000000 0.000000 0.000000 1.000000
0.990557 -0.003912 0.137049 0.000000 0.010360 0.998871 -0.046368 13.483900 -0.136713 0.047350 0.989478 0.000000 0.000000 0.000000 0.000000 1.000000
0.990571 -0.004150 0.136938 0.000000 0.010575 0.998875 -0.046228 13.483900 -0.136592 0.047240 0.989500 0.000000 0.000000 0.000000 0.000000 1.000000
0.990597 -0.004276 0.136746 0.000000 0.010662 0.998884 -0.046002 13.483900 -0.136397 0.047028 0.989537 0.000000 0.000000 0.000000 0.000000 1.000000
0.990602 -0.004339 0.136708 -0.000000 0.010686 0.998897 -0.045728 13.483900 -0.136359 0.046759 0.989555 0.000000 0.000000 0.000000 0.000000 1.000000
0.990579 -0.004481 0.136870 0.000000 0.010796 0.998909 -0.045433 13.483900 -0.136517 0.046482 0.989547 0.000000 0.000000 0.000000 0.000000 1.000000
0.990555 -0.004704 0.137034 0.000000 0.011001 0.998916 -0.045228 13.483900 -0.136673 0.046309 0.989533 0.000000 0.000000 0.000000 0.000000 1.000000
0.990543 -0.004881 0.137114 0.000000 0.011171 0.998918 -0.045146 13.483900 -0.136745 0.046250 0.989526 0.000000 0.000000 0.000000 0.000000 1.000000
0.990533 -0.004917 0.137188 -0.000000 0.011203 0.998921 -0.045079 13.483900 -0.136818 0.046189 0.989519 0.000000 0.000000 0.000000 0.000000 1.000000
0.990531 -0.004963 0.137203 -0.000000 0.011236 0.998924 -0.044990 13.483900 -0.136832 0.046105 0.989521 0.000000 0.000000 0.000000 0.000000 1.000000
0.990547 -0.005178 0.137078 0.000000 0.011439 0.998925 -0.044930 13.483900 -0.136698 0.046074 0.989541 -0.000000 0.000000 0.000000 0.000000 1.000000
0.990561 -0.005372 0.136966 -0.000000 0.011634 0.998921 -0.044956 13.483900 -0.136577 0.046125 0.989555 -0.000000 0.000000 0.000000 0.000000 1.000000
0.990560 -0.005356 0.136977 0.000000 0.011633 0.998916 -0.045063 13.483900 -0.136587 0.046231 0.989549 0.000000 0.000000 0.000000 0.000000 1.000000
0.990557 -0.005301 0.137000 0.000000 0.011606 0.998908 -0.045258 13.483900 -0.136610 0.046421 0.989537 0.000000 0.000000 0.000000 0.000000 1.000000
0.990561 -0.005317 0.136972 0.000000 0.011677 0.998888 -0.045667 13.483900 -0.136577 0.046835 0.989522 0.000000 0.000000 0.000000 0.000000 1.000000
0.990555 -0.005207 0.137014 0.000000 0.011655 0.998860 -0.046299 13.483900 -0.136616 0.047458 0.989487 0.000000 0.000000 0.000000 0.000000 1.000000
0.990542 -0.004943 0.137120 0.000000 0.011471 0.998836 -0.046856 13.483900 -0.136729 0.047986 0.989446 0.000000 0.000000 0.000000 0.000000 1.000000
0.990540 -0.004761 0.137138 -0.000000 0.011335 0.998821 -0.047196 13.483900 -0.136752 0.048304 0.989427 0.000000 0.000000 0.000000 0.000000 1.000000</float_array>
        <technique_common>
          <accessor source="#mixamorig12_Spine2-Matrix-animation-output-transform-array" count="41" stride="16">
            <param type="float4x4"/>
          </accessor>
        </technique_common>
      </source>
      <source id="mixamorig12_Spine2-Interpolations">
        <Name_array id="mixamorig12_Spine2-Interpolations-array" count="41">
 LINEAR LINEAR LINEAR LINEAR LINEAR LINEAR LINEAR LINEAR LINEAR LINEAR LINEAR
LINEAR LINEAR LINEAR LINEAR LINEAR LINEAR LINEAR LINEAR LINEAR LINEAR LINEAR LINEAR
LINEAR LINEAR LINEAR LINEAR LINEAR LINEAR LINEAR LINEAR LINEAR LINEAR LINEAR LINEAR
LINEAR LINEAR LINEAR LINEAR LINEAR LINEAR</Name_array>
        <technique_common>
          <accessor source="#mixamorig12_Spine2-Interpolations-array" count="41">
            <param type="name"/>
          </accessor>
        </technique_common>
      </source>
      <sampler id="mixamorig12_Spine2-Matrix-animation-transform">
        <input semantic="INPUT" source="#mixamorig12_Spine2-Matrix-animation-input"/>
        <input semantic="OUTPUT" source="#mixamorig12_Spine2-Matrix-animation-output-transform"/>
        <input semantic="INTERPOLATION" source="#mixamorig12_Spine2-Interpolations"/>
      </sampler>
      <channel source="#mixamorig12_Spine2-Matrix-animation-transform" target="mixamorig12_Spine2/matrix"/>
    </animation>
    <animation id="mixamorig12_Neck-anim" name="mixamorig12_Neck">
      <source id="mixamorig12_Neck-Matrix-animation-input">
        <float_array id="mixamorig12_Neck-Matrix-animation-input-array" count="41">

0.000000 0.033333 0.066667 0.100000 0.133333 0.166667 0.200000 0.233333 0.266667 0.300000 0.333333 0.366667 0.400000 0.433333 0.466667 0.500000
0.533333 0.566667 0.600000 0.633333 0.666667 0.700000 0.733333 0.766667 0.800000 0.833333 0.866667 0.900000 0.933333 0.966667 1.000000 1.033333
1.066667 1.100000 1.133333 1.166667 1.200000 1.233333 1.266667 1.300000 1.333333</float_array>
        <technique_common>
          <accessor source="#mixamorig12_Neck-Matrix-animation-input-array" count="41">
            <param name="TIME" type="float"/>
          </accessor>
        </technique_common>
      </source>
      <source id="mixamorig12_Neck-Matrix-animation-output-transform">
        <float_array id="mixamorig12_Neck-Matrix-animation-output-transform-array" count="656">

0.989933 0.076751 0.118922 0.000000 -0.035941 0.948982 -0.313274 15.169400 -0.136899 0.305846 0.942187 0.000000 0.000000 0.000000 0.000000 1.000000
0.989968 0.076573 0.118746 -0.000000 -0.035912 0.949179 -0.312683 15.169400 -0.136654 0.305281 0.942406 0.000000 0.000000 0.000000 0.000000 1.000000
0.990006 0.076523 0.118461 -0.000000 -0.036039 0.949371 -0.312083 15.169400 -0.136345 0.304694 0.942641 0.000000 0.000000 0.000000 0.000000 1.000000
0.990041 0.076458 0.118208 0.000000 -0.036127 0.949532 -0.311582 15.169400 -0.136066 0.304209 0.942838 0.000000 0.000000 0.000000 0.000000 1.000000
0.990039 0.076494 0.118200 0.000000 -0.036259 0.949743 -0.310924 15.169400 -0.136043 0.303541 0.943056 0.000000 0.000000 0.000000 0.000000 1.000000
0.990024 0.076608 0.118255 -0.000000 -0.036473 0.950009 -0.310084 15.169400 -0.136098 0.302677 0.943326 -0.000000 0.000000 0.000000 0.000000 1.000000
0.990022 0.076690 0.118212 -0.000000 -0.036652 0.950198 -0.309485 15.169400 -0.136059 0.302064 0.943528 0.000000 0.000000 0.000000 0.000000 1.000000
0.990013 0.076665 0.118304 0.000000 -0.036627 0.950262 -0.309292 15.169400 -0.136132 0.301870 0.943580 0.000000 0.000000 0.000000 0.000000 1.000000
0.989986 0.076472 0.118661 0.000000 -0.036353 0.950318 -0.309151 15.169400 -0.136407 0.301742 0.943581 0.000000 0.000000 0.000000 0.000000 1.000000
0.989947 0.076208 0.119157 -0.000000 -0.036011 0.950475 -0.308708 15.169400 -0.136781 0.301313 0.943664 0.000000 0.000000 0.000000 0.000000 1.000000
0.989910 0.076069 0.119549 0.000000 -0.035852 0.950692 -0.308056 15.169400 -0.137088 0.300662 0.943827 0.000000 0.000000 0.000000 0.000000 1.000000
0.989891 0.076036 0.119723 -0.000000 -0.035849 0.950876 -0.307490 15.169400 -0.137222 0.300090 0.943989 0.000000 0.000000 0.000000 0.000000 1.000000
0.989887 0.075964 0.119803 0.000000 -0.035813 0.951005 -0.307094 15.169400 -0.137262 0.299698 0.944108 0.000000 0.000000 0.000000 0.000000 1.000000
0.989887 0.075856 0.119871 0.000000 -0.035717 0.951071 -0.306901 15.169400 -0.137286 0.299516 0.944162 0.000000 0.000000 0.000000 0.000000 1.000000
0.989891 0.075804 0.119877 0.000000 -0.035662 0.951066 -0.306924 15.169400 -0.137277 0.299546 0.944154 0.000000 0.000000 0.000000 0.000000 1.000000
0.989900 0.075825 0.119783 0.000000 -0.035694 0.951026 -0.307043 15.169400 -0.137198 0.299667 0.944127 0.000000 0.000000 0.000000 0.000000 1.000000
0.989910 0.075830 0.119700 -0.000000 -0.035705 0.950984 -0.307171 15.169400 -0.137126 0.299798 0.944096 -0.000000 0.000000 0.000000 0.000000 1.000000
0.989923 0.075733 0.119656 0.000000 -0.035597 0.950925 -0.307366 15.169400 -0.137061 0.300009 0.944038 0.000000 0.000000 0.000000 0.000000 1.000000
0.989950 0.075585 0.119525 0.000000 -0.035446 0.950822 -0.307702 15.169400 -0.136905 0.300372 0.943946 -0.000000 0.000000 0.000000 0.000000 1.000000
0.989986 0.075465 0.119297 0.000000 -0.035337 0.950685 -0.308140 15.169400 -0.136668 0.300839 0.943832 -0.000000 0.000000 0.000000 0.000000 1.000000
0.990011 0.075400 0.119133 -0.000000 -0.035258 0.950538 -0.308601 15.169400 -0.136508 0.301318 0.943702 0.000000 0.000000 0.000000 0.000000 1.000000
0.990025 0.075320 0.119066 0.000000 -0.035127 0.950374 -0.309120 15.169400 -0.136440 0.301854 0.943540 0.000000 0.000000 0.000000 0.000000 1.000000
0.990049 0.075222 0.118930 -0.000000 -0.034978 0.950163 -0.309786 15.169400 -0.136306 0.302543 0.943339 0.000000 0.000000 0.000000 0.000000 1.000000
0.990070 0.075253 0.118733 0.000000 -0.034969 0.949937 -0.310479 15.169400 -0.136153 0.303244 0.943136 0.000000 0.000000 0.000000 0.000000 1.000000
0.990059 0.075491 0.118675 0.000000 -0.035125 0.949729 -0.311098 15.169400 -0.136194 0.303837 0.942939 0.000000 0.000000 0.000000 0.000000 1.000000
0.990040 0.075705 0.118700 -0.000000 -0.035225 0.949502 -0.311779 15.169400 -0.136309 0.304492 0.942711 -0.000000 0.000000 0.000000 0.000000 1.000000
0.990048 0.075619 0.118685 0.000000 -0.035045 0.949275 -0.312488 15.169400 -0.136295 0.305219 0.942478 0.000000 0.000000 0.000000 0.000000 1.000000
0.990064 0.075487 0.118639 -0.000000 -0.034846 0.949086 -0.313083 15.169400 -0.136233 0.305838 0.942286 -0.000000 0.000000 0.000000 0.000000 1.000000
0.990045 0.075713 0.118654 -0.000000 -0.034976 0.948893 -0.313655 15.169400 -0.136337 0.306383 0.942094 0.000000 0.000000 0.000000 0.000000 1.000000
0.990007 0.076096 0.118723 0.000000 -0.035232 0.948681 -0.314267 15.169400 -0.136545 0.306943 0.941882 -0.000000 0.000000 0.000000 0.000000 1.000000
0.989985 0.076351 0.118744 -0.000000 -0.035388 0.948488 -0.314831 15.169400 -0.136665 0.307476 0.941691 -0.000000 0.000000 0.000000 0.000000 1.000000
