<?xml version="1.0" encoding="utf-8"?>
<COLLADA xmlns="http://www.collada.org/2005/11/COLLADASchema" version="1.4.1">
  <asset>
    <contributor>
      <author>Mixamo</author>
      <authoring_tool>COLLADA Mixamo exporter</authoring_tool>
      <comments/>
    </contributor>
    <created>2025-06-01T06:59:01Z</created>
    <modified>2025-06-01T06:59:01Z</modified>
    <revision/>
    <title/>
    <unit meter="0.010000"/>
    <up_axis>Y_UP</up_axis>
  </asset>
  <library_animations>
    <animation id="mixamorig12_Hips-anim" name="mixamorig12_Hips">
      <source id="mixamorig12_Hips-Matrix-animation-input">
        <float_array id="mixamorig12_Hips-Matrix-animation-input-array" count="61">

0.000000 0.033333 0.066667 0.100000 0.133333 0.166667 0.200000 0.233333 0.266667 0.300000 0.333333 0.366667 0.400000 0.433333 0.466667 0.500000
0.533333 0.566667 0.600000 0.633333 0.666667 0.700000 0.733333 0.766667 0.800000 0.833333 0.866667 0.900000 0.933333 0.966667 1.000000 1.033333
1.066667 1.100000 1.133333 1.166667 1.200000 1.233333 1.266667 1.300000 1.333333 1.366667 1.400000 1.433333 1.466667 1.500000 1.533333 1.566667
1.600000 1.633333 1.666667 1.700000 1.733333 1.766667 1.800000 1.833333 1.866667 1.900000 1.933333 1.966667 2.000000</float_array>
        <technique_common>
          <accessor source="#mixamorig12_Hips-Matrix-animation-input-array" count="61">
            <param name="TIME" type="float"/>
          </accessor>
        </technique_common>
      </source>
      <source id="mixamorig12_Hips-Matrix-animation-output-transform">
        <float_array id="mixamorig12_Hips-Matrix-animation-output-transform-array" count="976">

0.586430 0.039533 -0.809035 -0.253951 -0.103789 0.994242 -0.026649 94.873474 0.803323 0.099597 0.587157 0.425624 0.000000 0.000000 0.000000 1.000000
0.584064 0.030842 -0.811122 -0.001181 -0.105416 0.993697 -0.038122 94.884682 0.804833 0.107771 0.583634 0.169882 0.000000 0.000000 0.000000 1.000000
0.580170 0.013206 -0.814388 0.455339 -0.108546 0.992203 -0.061239 94.809814 0.807230 0.123927 0.577080 -0.259981 0.000000 0.000000 0.000000 1.000000
0.576951 -0.012679 -0.816681 1.150215 -0.117008 0.988284 -0.098004 94.452690 0.808354 0.152101 0.568707 -0.927747 0.000000 0.000000 0.000000 1.000000
0.576813 -0.043399 -0.815722 2.032358 -0.132124 0.980482 -0.145593 93.565285 0.806120 0.191757 0.559821 -1.804344 0.000000 0.000000 0.000000 1.000000
0.579501 -0.074910 -0.811521 3.004988 -0.151648 0.968464 -0.197688 91.981056 0.800738 0.237626 0.549866 -2.729059 0.000000 0.000000 0.000000 1.000000
0.582019 -0.108224 -0.805942 4.009462 -0.168002 0.953719 -0.249392 89.658852 0.795632 0.280550 0.536900 -3.578682 0.000000 0.000000 0.000000 1.000000
0.580557 -0.143988 -0.801387 5.021378 -0.179165 0.937524 -0.298242 86.567276 0.794263 0.316727 0.518488 -4.314742 0.000000 0.000000 0.000000 1.000000
0.574900 -0.178355 -0.798549 5.917454 -0.187091 0.921444 -0.340496 82.593636 0.796547 0.345152 0.496370 -4.874420 0.000000 0.000000 0.000000 1.000000
0.566186 -0.206379 -0.798023 6.531029 -0.192143 0.908433 -0.371255 78.010201 0.801570 0.363534 0.474688 -5.180030 0.000000 0.000000 0.000000 1.000000
0.556197 -0.227845 -0.799207 6.813691 -0.189306 0.901664 -0.388799 73.122246 0.809202 0.367543 0.458370 -5.186759 0.000000 0.000000 0.000000 1.000000
0.546590 -0.244564 -0.800892 6.858713 -0.179436 0.899983 -0.397283 68.272438 0.817950 0.360860 0.448038 -4.972845 0.000000 0.000000 0.000000 1.000000
0.537688 -0.257629 -0.802819 6.747403 -0.167157 0.900701 -0.400994 63.795429 0.826408 0.349807 0.441232 -4.641580 0.000000 0.000000 0.000000 1.000000
0.528759 -0.264163 -0.806618 6.498799 -0.156251 0.903798 -0.398416 60.019871 0.834266 0.336700 0.436615 -4.241297 0.000000 0.000000 0.000000 1.000000
0.520474 -0.261035 -0.812999 6.111020 -0.149116 0.909709 -0.387549 57.273460 0.840756 0.322940 0.434555 -3.796744 0.000000 0.000000 0.000000 1.000000
0.513951 -0.248943 -0.820903 5.596693 -0.147713 0.916987 -0.370561 55.818474 0.845006 0.311708 0.434514 -3.325345 0.000000 0.000000 0.000000 1.000000
0.508866 -0.230408 -0.829438 4.981881 -0.151339 0.924565 -0.349680 55.791405 0.847439 0.303467 0.435610 -2.838844 0.000000 0.000000 0.000000 1.000000
0.505679 -0.207260 -0.837456 4.301126 -0.156570 0.932547 -0.325335 57.203674 0.848395 0.295635 0.439119 -2.359185 0.000000 0.000000 0.000000 1.000000
0.506823 -0.179556 -0.843143 3.584901 -0.161236 0.941062 -0.297330 59.985325 0.846837 0.286638 0.448001 -1.917413 0.000000 0.000000 0.000000 1.000000
0.514024 -0.145427 -0.845358 2.809062 -0.164885 0.950393 -0.263755 64.015030 0.841779 0.274964 0.464546 -1.520484 0.000000 0.000000 0.000000 1.000000
0.524732 -0.100702 -0.845290 1.831228 -0.168457 0.961057 -0.219068 69.088135 0.834433 0.257347 0.487333 -1.084054 0.000000 0.000000 0.000000 1.000000
0.535214 -0.046389 -0.843442 0.437702 -0.166448 0.973123 -0.159143 75.021805 0.828155 0.225565 0.513107 -0.489573 0.000000 0.000000 0.000000 1.000000
0.542132 0.002276 -0.840290 -1.403086 -0.146005 0.985040 -0.091531 82.117249 0.827512 0.172308 0.534354 0.288707 0.000000 0.000000 0.000000 1.000000
0.546122 0.019127 -0.837487 -3.595914 -0.089463 0.995354 -0.035606 91.184418 0.832915 0.094369 0.545296 1.229603 0.000000 0.000000 0.000000 1.000000
0.546479 0.011190 -0.837398 -6.079431 -0.023411 0.999724 -0.001918 101.134148 0.837145 0.020653 0.546591 2.550126 0.000000 0.000000 0.000000 1.000000
0.541775 -0.025522 -0.840136 -8.248626 0.061474 0.998065 0.009323 108.694344 0.838272 -0.056698 0.542296 3.321368 0.000000 0.000000 0.000000 1.000000
0.538840 -0.033145 -0.841756 -8.613726 0.081189 0.996617 0.012730 116.816597 0.838487 -0.075200 0.539708 3.396765 0.000000 0.000000 0.000000 1.000000
0.540718 0.023596 -0.840873 -7.221197 -0.018896 0.999695 0.015902 123.576981 0.840992 0.007290 0.540999 3.445410 0.000000 0.000000 0.000000 1.000000
0.536500 0.032769 -0.843264 -5.694314 -0.056015 0.998425 0.003161 128.055695 0.842039 0.045540 0.537490 2.675963 0.000000 0.000000 0.000000 1.000000
0.544739 0.023099 -0.838288 -4.112903 -0.083333 0.996164 -0.026702 132.825729 0.834455 0.084402 0.544574 1.603075 0.000000 0.000000 0.000000 1.000000
0.559120 0.011193 -0.829011 -2.497627 -0.112160 0.991738 -0.062255 136.418152 0.821465 0.127790 0.555756 0.590925 0.000000 0.000000 0.000000 1.000000
0.564481 -0.006012 -0.825424 -1.294913 -0.126683 0.987496 -0.093827 138.533279 0.815667 0.157531 0.556661 -0.020803 0.000000 0.000000 0.000000 1.000000
0.562943 -0.027873 -0.826026 -0.535804 -0.124721 0.985121 -0.118240 139.400528 0.817031 0.169585 0.551090 -0.349169 0.000000 0.000000 0.000000 1.000000
0.562583 -0.042875 -0.825628 0.004415 -0.117888 0.984289 -0.131444 139.385864 0.818293 0.171280 0.548690 -0.559858 0.000000 0.000000 0.000000 1.000000
0.564933 -0.048442 -0.823714 0.366490 -0.110513 0.984839 -0.133711 138.598206 0.817703 0.166569 0.551014 -0.735568 0.000000 0.000000 0.000000 1.000000
0.568030 -0.052694 -0.821319 0.447128 -0.099688 0.986195 -0.132218 136.928314 0.816948 0.156979 0.554935 -0.913910 0.000000 0.000000 0.000000 1.000000
0.572442 -0.062680 -0.817546 0.217452 -0.082483 0.987614 -0.133473 134.211777 0.815786 0.143839 0.560182 -1.064628 0.000000 0.000000 0.000000 1.000000
0.577643 -0.075116 -0.812826 -0.211102 -0.062623 0.988745 -0.135876 130.343567 0.813884 0.129389 0.566438 -1.103781 0.000000 0.000000 0.000000 1.000000
0.581595 -0.083466 -0.809185 -0.719966 -0.042614 0.990231 -0.132769 125.264488 0.812362 0.111700 0.572356 -0.987600 0.000000 0.000000 0.000000 1.000000
0.585423 -0.084775 -0.806283 -1.284313 -0.021201 0.992577 -0.119756 118.966476 0.810451 0.087202 0.579280 -0.761105 0.000000 0.000000 0.000000 1.000000
0.593623 -0.080267 -0.800730 -2.129615 0.003498 0.995261 -0.097174 110.792198 0.804736 0.054884 0.591091 -0.510925 0.000000 0.000000 0.000000 1.000000
0.599991 -0.054327 -0.798160 -2.810979 -0.010620 0.997063 -0.075849 101.691925 0.799936 0.053985 0.597652 -0.034670 0.000000 0.000000 0.000000 1.000000
0.594365 -0.003237 -0.804189 -2.692578 -0.088475 0.993658 -0.069390 92.219536 0.799314 0.112394 0.590310 0.476967 0.000000 0.000000 0.000000 1.000000
0.595657 -0.029357 -0.802702 -1.854163 -0.067935 0.993910 -0.086762 84.021339 0.800361 0.106212 0.590035 -0.000373 0.000000 0.000000 0.000000 1.000000
0.591020 -0.038720 -0.805727 -0.406744 -0.079909 0.991124 -0.106245 77.336464 0.802689 0.127178 0.582680 -0.329182 0.000000 0.000000 0.000000 1.000000
0.607058 -0.035497 -0.793865 0.654809 -0.087797 0.989890 -0.111399 73.221756 0.789793 0.137324 0.597804 -0.497208 0.000000 0.000000 0.000000 1.000000
0.629742 -0.034686 -0.776030 1.365481 -0.086543 0.989651 -0.114463 71.124359 0.771969 0.139242 0.620223 -0.524019 0.000000 0.000000 0.000000 1.000000
0.633204 -0.041061 -0.772895 1.866851 -0.088243 0.988251 -0.124796 70.349129 0.768938 0.147224 0.622141 -0.550296 0.000000 0.000000 0.000000 1.000000
0.625713 -0.041416 -0.778953 2.131247 -0.095138 0.987083 -0.128904 70.727257 0.774230 0.154765 0.613691 -0.503943 0.000000 0.000000 0.000000 1.000000
0.624354 -0.029979 -0.780566 2.099371 -0.101718 0.987635 -0.119293 72.201897 0.774491 0.153879 0.613584 -0.304155 0.000000 0.000000 0.000000 1.000000
0.624464 -0.014751 -0.780914 1.834345 -0.107682 0.988648 -0.104784 74.568405 0.773595 0.149524 0.615787 -0.028016 0.000000 0.000000 0.000000 1.000000
0.619729 -0.001668 -0.784814 1.485771 -0.112822 0.989422 -0.091192 77.568275 0.776664 0.145059 0.612985 0.215036 0.000000 0.000000 0.000000 1.000000
0.613895 0.009041 -0.789336 1.118721 -0.114254 0.990423 -0.077516 80.970230 0.781076 0.137771 0.609048 0.393863 0.000000 0.000000 0.000000 1.000000
0.610035 0.016730 -0.792198 0.747994 -0.112566 0.991467 -0.065744 84.521248 0.784338 0.129281 0.606713 0.523994 0.000000 0.000000 0.000000 1.000000
0.606788 0.019379 -0.794628 0.397714 -0.109140 0.992265 -0.059142 87.918365 0.787335 0.122612 0.604210 0.610196 0.000000 0.000000 0.000000 1.000000
0.601924 0.018801 -0.798332 0.097662 -0.105506 0.992831 -0.056168 90.785912 0.791553 0.118038 0.599592 0.674240 0.000000 0.000000 0.000000 1.000000
0.595503 0.018526 -0.803139 -0.132517 -0.102853 0.993265 -0.053351 92.866379 0.796742 0.114376 0.593398 0.729893 0.000000 0.000000 0.000000 1.000000
0.589658 0.020155 -0.807402 -0.293385 -0.101073 0.993671 -0.049011 94.171921 0.801304 0.110506 0.587963 0.744260 0.000000 0.000000 0.000000 1.000000
0.586445 0.024679 -0.809613 -0.379005 -0.100383 0.994045 -0.042412 94.795570 0.803745 0.106144 0.585430 0.697179 0.000000 0.000000 0.000000 1.000000
0.586011 0.031835 -0.809677 -0.363841 -0.101273 0.994271 -0.034204 94.947746 0.803950 0.102042 0.585878 0.582518 0.000000 0.000000 0.000000 1.000000
0.586430 0.039533 -0.809035 -0.253951 -0.103789 0.994242 -0.026649 94.873459 0.803323 0.099597 0.587157 0.425625 0.000000 0.000000 0.000000 1.000000</float_array>
        <technique_common>
          <accessor source="#mixamorig12_Hips-Matrix-animation-output-transform-array" count="61" stride="16">
            <param type="float4x4"/>
          </accessor>
        </technique_common>
      </source>
      <source id="mixamorig12_Hips-Interpolations">
        <Name_array id="mixamorig12_Hips-Interpolations-array" count="61">
 LINEAR LINEAR LINEAR LINEAR LINEAR LINEAR LINEAR LINEAR LINEAR LINEAR LINEAR
LINEAR LINEAR LINEAR LINEAR LINEAR LINEAR LINEAR LINEAR LINEAR LINEAR LINEAR LINEAR
LINEAR LINEAR LINEAR LINEAR LINEAR LINEAR LINEAR LINEAR LINEAR LINEAR LINEAR LINEAR
LINEAR LINEAR LINEAR LINEAR LINEAR LINEAR LINEAR LINEAR LINEAR LINEAR LINEAR LINEAR
LINEAR LINEAR LINEAR LINEAR LINEAR LINEAR LINEAR LINEAR LINEAR LINEAR LINEAR LINEAR
LINEAR LINEAR</Name_array>
        <technique_common>
          <accessor source="#mixamorig12_Hips-Interpolations-array" count="61">
            <param type="name"/>
          </accessor>
        </technique_common>
      </source>
      <sampler id="mixamorig12_Hips-Matrix-animation-transform">
        <input semantic="INPUT" source="#mixamorig12_Hips-Matrix-animation-input"/>
        <input semantic="OUTPUT" source="#mixamorig12_Hips-Matrix-animation-output-transform"/>
        <input semantic="INTERPOLATION" source="#mixamorig12_Hips-Interpolations"/>
      </sampler>
      <channel source="#mixamorig12_Hips-Matrix-animation-transform" target="mixamorig12_Hips/matrix"/>
    </animation>
    <animation id="mixamorig12_Spine-anim" name="mixamorig12_Spine">
      <source id="mixamorig12_Spine-Matrix-animation-input">
        <float_array id="mixamorig12_Spine-Matrix-animation-input-array" count="61">

0.000000 0.033333 0.066667 0.100000 0.133333 0.166667 0.200000 0.233333 0.266667 0.300000 0.333333 0.366667 0.400000 0.433333 0.466667 0.500000
0.533333 0.566667 0.600000 0.633333 0.666667 0.700000 0.733333 0.766667 0.800000 0.833333 0.866667 0.900000 0.933333 0.966667 1.000000 1.033333
1.066667 1.100000 1.133333 1.166667 1.200000 1.233333 1.266667 1.300000 1.333333 1.366667 1.400000 1.433333 1.466667 1.500000 1.533333 1.566667
1.600000 1.633333 1.666667 1.700000 1.733333 1.766667 1.800000 1.833333 1.866667 1.900000 1.933333 1.966667 2.000000</float_array>
        <technique_common>
          <accessor source="#mixamorig12_Spine-Matrix-animation-input-array" count="61">
            <param name="TIME" type="float"/>
          </accessor>
        </technique_common>
      </source>
      <source id="mixamorig12_Spine-Matrix-animation-output-transform">
        <float_array id="mixamorig12_Spine-Matrix-animation-output-transform-array" count="976">

0.992405 -0.050860 0.112007 0.000000 0.043810 0.996954 0.064529 10.052400 -0.114948 -0.059132 0.991610 -1.105100 0.000000 0.000000 0.000000 1.000000
0.992268 -0.051202 0.113062 0.000000 0.044426 0.997108 0.061655 10.052400 -0.115892 -0.056156 0.991673 -1.105100 0.000000 0.000000 0.000000 1.000000
0.992126 -0.051446 0.114187 0.000000 0.044998 0.997282 0.058347 10.052400 -0.116878 -0.052750 0.991744 -1.105100 0.000000 0.000000 0.000000 1.000000
0.991678 -0.055811 0.116018 0.000000 0.049661 0.997237 0.055240 10.052400 -0.118781 -0.049019 0.991710 -1.105100 0.000000 0.000000 0.000000 1.000000
0.990529 -0.067161 0.119760 -0.000000 0.061242 0.996744 0.052446 10.052400 -0.122892 -0.044615 0.991417 -1.105100 0.000000 0.000000 0.000000 1.000000
0.988360 -0.084935 0.126216 -0.000000 0.079211 0.995618 0.049702 10.052400 -0.129884 -0.039126 0.990757 -1.105100 0.000000 0.000000 0.000000 1.000000
0.985833 -0.100580 0.134227 -0.000000 0.095195 0.994397 0.045962 10.052400 -0.138098 -0.032533 0.989884 -1.105100 0.000000 0.000000 0.000000 1.000000
0.983656 -0.109726 0.142763 0.000000 0.104881 0.993637 0.041058 10.052400 -0.146360 -0.025414 0.988905 -1.105100 0.000000 0.000000 0.000000 1.000000
0.981845 -0.114672 0.151098 0.000000 0.110480 0.993230 0.035884 10.052400 -0.154190 -0.018539 0.987867 -1.105100 0.000000 0.000000 0.000000 1.000000
0.979726 -0.119421 0.160859 -0.000000 0.116000 0.992780 0.030527 10.052400 -0.163343 -0.011248 0.986505 -1.105100 0.000000 0.000000 0.000000 1.000000
0.977630 -0.122014 0.171322 -0.000000 0.119583 0.992522 0.024478 10.052400 -0.173028 -0.003444 0.984911 -1.105100 0.000000 0.000000 0.000000 1.000000
0.975917 -0.122456 0.180528 0.000000 0.120998 0.992469 0.019108 10.052400 -0.181509 0.003196 0.983384 -1.105100 0.000000 0.000000 0.000000 1.000000
0.974581 -0.122379 0.187658 -0.000000 0.121601 0.992455 0.015699 10.052400 -0.188163 0.007520 0.982109 -1.105100 0.000000 0.000000 0.000000 1.000000
0.973522 -0.123366 0.192445 0.000000 0.123222 0.992297 0.012764 10.052400 -0.192537 0.011287 0.981225 -1.105100 0.000000 0.000000 0.000000 1.000000
0.972902 -0.126418 0.193600 0.000000 0.127024 0.991856 0.009328 10.052400 -0.193202 0.015517 0.981036 -1.105100 0.000000 0.000000 0.000000 1.000000
0.972609 -0.132608 0.190912 0.000000 0.133658 0.991000 0.007422 10.052400 -0.190178 0.018299 0.981579 -1.105100 0.000000 0.000000 0.000000 1.000000
0.972178 -0.142145 0.186182 -0.000000 0.143015 0.989681 0.008821 10.052400 -0.185515 0.018051 0.982476 -1.105100 0.000000 0.000000 0.000000 1.000000
0.971409 -0.154148 0.180565 0.000000 0.154290 0.987936 0.013344 10.052400 -0.180444 0.014896 0.983472 -1.105100 0.000000 0.000000 0.000000 1.000000
0.970432 -0.167496 0.173800 -0.000000 0.166653 0.985822 0.019540 10.052400 -0.174608 0.010002 0.984587 -1.105100 0.000000 0.000000 0.000000 1.000000
0.969949 -0.179095 0.164693 0.000000 0.177499 0.983816 0.024478 10.052400 -0.166411 0.005491 0.986041 -1.105100 0.000000 0.000000 0.000000 1.000000
0.970320 -0.186816 0.153556 -0.000000 0.185103 0.982388 0.025506 10.052400 -0.155616 0.003675 0.987811 -1.105100 0.000000 0.000000 0.000000 1.000000
0.972485 -0.185820 0.140512 0.000000 0.184464 0.982576 0.022727 10.052400 -0.142287 0.003818 0.989818 -1.105100 0.000000 0.000000 0.000000 1.000000
0.978012 -0.165097 0.127416 0.000000 0.163817 0.986277 0.020529 10.052400 -0.129056 0.000795 0.991637 -1.105100 0.000000 0.000000 0.000000 1.000000
0.987532 -0.105176 0.117130 0.000000 0.102711 0.994347 0.026903 10.052400 -0.119298 -0.014537 0.992752 -1.105100 0.000000 0.000000 0.000000 1.000000
0.992682 -0.034097 0.115844 0.000000 0.028246 0.998259 0.051780 10.052400 -0.117408 -0.048129 0.991917 -1.105100 0.000000 0.000000 0.000000 1.000000
0.989370 0.064518 0.130324 -0.000000 -0.074728 0.994377 0.075028 10.052400 -0.124751 -0.083969 0.988629 -1.105100 0.000000 0.000000 0.000000 1.000000
0.986411 0.085855 0.140080 0.000000 -0.098136 0.991685 0.083248 10.052400 -0.131768 -0.095863 0.986634 -1.105100 0.000000 0.000000 0.000000 1.000000
0.991083 -0.040578 0.126915 0.000000 0.030012 0.996006 0.084086 10.052400 -0.129820 -0.079527 0.988343 -1.105100 0.000000 0.000000 0.000000 1.000000
0.988117 -0.089818 0.124733 0.000000 0.081956 0.994395 0.066802 10.052400 -0.130033 -0.055785 0.989939 -1.105100 0.000000 0.000000 0.000000 1.000000
0.984710 -0.121584 0.124752 0.000000 0.115317 0.991731 0.056314 10.052400 -0.130567 -0.041067 0.990589 -1.105100 0.000000 0.000000 0.000000 1.000000
0.979890 -0.153064 0.128010 0.000000 0.147308 0.987651 0.053337 10.052400 -0.134593 -0.033407 0.990338 -1.105100 0.000000 0.000000 0.000000 1.000000
0.975588 -0.171242 0.137496 0.000000 0.165391 0.984803 0.052990 10.052400 -0.144480 -0.028956 0.989084 -1.105100 0.000000 0.000000 0.000000 1.000000
0.973373 -0.174807 0.148281 0.000000 0.168774 0.984259 0.052431 10.052400 -0.155112 -0.026009 0.987554 -1.105100 0.000000 0.000000 0.000000 1.000000
0.972233 -0.175053 0.155307 0.000000 0.169301 0.984314 0.049630 10.052400 -0.161559 -0.021958 0.986619 -1.105100 0.000000 0.000000 0.000000 1.000000
0.972489 -0.172784 0.156242 -0.000000 0.167910 0.984821 0.043974 10.052400 -0.161468 -0.016529 0.986739 -1.105100 0.000000 0.000000 0.000000 1.000000
0.974969 -0.162529 0.151721 0.000000 0.158468 0.986611 0.038568 10.052400 -0.155958 -0.013560 0.987671 -1.105100 0.000000 0.000000 0.000000 1.000000
0.979292 -0.142539 0.143771 -0.000000 0.138545 0.989647 0.037469 10.052400 -0.147623 -0.016774 0.988901 -1.105100 0.000000 0.000000 0.000000 1.000000
0.983590 -0.119903 0.134808 0.000000 0.115443 0.992490 0.040453 10.052400 -0.138646 -0.024226 0.990046 -1.105100 0.000000 0.000000 0.000000 1.000000
0.987098 -0.098417 0.126300 0.000000 0.093689 0.994679 0.042856 10.052400 -0.129846 -0.030470 0.991066 -1.105100 0.000000 0.000000 0.000000 1.000000
0.990010 -0.075956 0.118793 -0.000000 0.071475 0.996577 0.041540 10.052400 -0.121541 -0.032634 0.992050 -1.105100 0.000000 0.000000 0.000000 1.000000
0.992555 -0.048429 0.111758 0.000000 0.044290 0.998248 0.039221 10.052400 -0.113461 -0.033980 0.992961 -1.105100 0.000000 0.000000 0.000000 1.000000
0.991250 -0.068138 0.113053 0.000000 0.063406 0.996975 0.044940 10.052400 -0.115773 -0.037379 0.992572 -1.105100 0.000000 0.000000 0.000000 1.000000
0.980051 -0.160099 0.117763 0.000000 0.153852 0.986245 0.060412 10.052400 -0.125815 -0.041089 0.991202 -1.105100 0.000000 0.000000 0.000000 1.000000
0.986091 -0.127773 0.106292 0.000000 0.122483 0.990950 0.054911 10.052400 -0.112346 -0.041128 0.992818 -1.105100 0.000000 0.000000 0.000000 1.000000
0.984699 -0.134407 0.110918 0.000000 0.130204 0.990495 0.044343 10.052400 -0.115823 -0.029223 0.992840 -1.105100 0.000000 0.000000 0.000000 1.000000
0.982744 -0.144817 0.115078 0.000000 0.142249 0.989368 0.030264 10.052400 -0.118237 -0.013372 0.992895 -1.105100 0.000000 0.000000 0.000000 1.000000
0.982804 -0.147444 0.111157 0.000000 0.145807 0.989051 0.022763 10.052400 -0.113296 -0.006165 0.993542 -1.105100 0.000000 0.000000 0.000000 1.000000
0.983642 -0.143615 0.108738 -0.000000 0.141959 0.989608 0.022866 10.052400 -0.110892 -0.007055 0.993807 -1.105100 0.000000 0.000000 0.000000 1.000000
0.984210 -0.139158 0.109384 -0.000000 0.137415 0.990238 0.023355 10.052400 -0.111566 -0.007955 0.993725 -1.105100 0.000000 0.000000 0.000000 1.000000
0.984948 -0.135466 0.107357 -0.000000 0.133712 0.990744 0.023406 10.052400 -0.109534 -0.008699 0.993945 -1.105100 0.000000 0.000000 0.000000 1.000000
0.985785 -0.130908 0.105311 0.000000 0.128763 0.991309 0.026948 10.052400 -0.107923 -0.013005 0.994074 -1.105100 0.000000 0.000000 0.000000 1.000000
0.986775 -0.123503 0.104987 0.000000 0.120709 0.992153 0.032587 10.052400 -0.108188 -0.019483 0.993940 -1.105100 0.000000 0.000000 0.000000 1.000000
0.988136 -0.112755 0.104274 0.000000 0.109461 0.993309 0.036808 10.052400 -0.107727 -0.024958 0.993867 -1.105100 0.000000 0.000000 0.000000 1.000000
0.989504 -0.101103 0.103246 0.000000 0.097376 0.994422 0.040534 10.052400 -0.106768 -0.030054 0.993830 -1.105100 0.000000 0.000000 0.000000 1.000000
0.990686 -0.088955 0.103096 0.000000 0.084616 0.995364 0.045730 10.052400 -0.106686 -0.036580 0.993620 -1.105100 0.000000 0.000000 0.000000 1.000000
0.991506 -0.077451 0.104488 0.000000 0.072335 0.996029 0.051901 10.052400 -0.108093 -0.043902 0.993171 -1.105100 0.000000 0.000000 0.000000 1.000000
0.991884 -0.068330 0.107226 0.000000 0.062413 0.996386 0.057609 10.052400 -0.110775 -0.050450 0.992564 -1.105100 0.000000 0.000000 0.000000 1.000000
0.992035 -0.061028 0.110189 0.000000 0.054414 0.996588 0.062065 10.052400 -0.113601 -0.055575 0.991971 -1.105100 0.000000 0.000000 0.000000 1.000000
0.992176 -0.055236 0.111967 -0.000000 0.048178 0.996735 0.064794 10.052400 -0.115180 -0.058892 0.991597 -1.105100 0.000000 0.000000 0.000000 1.000000
0.992341 -0.051637 0.112220 0.000000 0.044479 0.996869 0.065382 10.052400 -0.115245 -0.059890 0.991530 -1.105100 0.000000 0.000000 0.000000 1.000000
0.992405 -0.050860 0.112007 0.000000 0.043810 0.996954 0.064529 10.052400 -0.114948 -0.059132 0.991610 -1.105100 0.000000 0.000000 0.000000 1.000000</float_array>
        <technique_common>
          <accessor source="#mixamorig12_Spine-Matrix-animation-output-transform-array" count="61" stride="16">
            <param type="float4x4"/>
          </accessor>
        </technique_common>
      </source>
      <source id="mixamorig12_Spine-Interpolations">
        <Name_array id="mixamorig12_Spine-Interpolations-array" count="61">
 LINEAR LINEAR LINEAR LINEAR LINEAR LINEAR LINEAR LINEAR LINEAR LINEAR LINEAR
LINEAR LINEAR LINEAR LINEAR LINEAR LINEAR LINEAR LINEAR LINEAR LINEAR LINEAR LINEAR
LINEAR LINEAR LINEAR LINEAR LINEAR LINEAR LINEAR LINEAR LINEAR LINEAR LINEAR LINEAR
LINEAR LINEAR LINEAR LINEAR LINEAR LINEAR LINEAR LINEAR LINEAR LINEAR LINEAR LINEAR
LINEAR LINEAR LINEAR LINEAR LINEAR LINEAR LINEAR LINEAR LINEAR LINEAR LINEAR LINEAR
LINEAR LINEAR</Name_array>
        <technique_common>
          <accessor source="#mixamorig12_Spine-Interpolations-array" count="61">
            <param type="name"/>
          </accessor>
        </technique_common>
      </source>
      <sampler id="mixamorig12_Spine-Matrix-animation-transform">
        <input semantic="INPUT" source="#mixamorig12_Spine-Matrix-animation-input"/>
        <input semantic="OUTPUT" source="#mixamorig12_Spine-Matrix-animation-output-transform"/>
        <input semantic="INTERPOLATION" source="#mixamorig12_Spine-Interpolations"/>
      </sampler>
      <channel source="#mixamorig12_Spine-Matrix-animation-transform" target="mixamorig12_Spine/matrix"/>
    </animation>
    <animation id="mixamorig12_Spine1-anim" name="mixamorig12_Spine1">
      <source id="mixamorig12_Spine1-Matrix-animation-input">
        <float_array id="mixamorig12_Spine1-Matrix-animation-input-array" count="61">

0.000000 0.033333 0.066667 0.100000 0.133333 0.166667 0.200000 0.233333 0.266667 0.300000 0.333333 0.366667 0.400000 0.433333 0.466667 0.500000
0.533333 0.566667 0.600000 0.633333 0.666667 0.700000 0.733333 0.766667 0.800000 0.833333 0.866667 0.900000 0.933333 0.966667 1.000000 1.033333
1.066667 1.100000 1.133333 1.166667 1.200000 1.233333 1.266667 1.300000 1.333333 1.366667 1.400000 1.433333 1.466667 1.500000 1.533333 1.566667
1.600000 1.633333 1.666667 1.700000 1.733333 1.766667 1.800000 1.833333 1.866667 1.900000 1.933333 1.966667 2.000000</float_array>
        <technique_common>
          <accessor source="#mixamorig12_Spine1-Matrix-animation-input-array" count="61">
            <param name="TIME" type="float"/>
          </accessor>
        </technique_common>
      </source>
      <source id="mixamorig12_Spine1-Matrix-animation-output-transform">
        <float_array id="mixamorig12_Spine1-Matrix-animation-output-transform-array" count="976">

0.990537 -0.007939 0.137017 0.000000 0.014321 0.998854 -0.045659 11.798400 -0.136498 0.047189 0.989516 0.000000 0.000000 0.000000 0.000000 1.000000
0.990432 -0.007779 0.137781 0.000000 0.014624 0.998705 -0.048734 11.798400 -0.137223 0.050283 0.989263 0.000000 0.000000 0.000000 0.000000 1.000000
0.990375 -0.007158 0.138223 0.000000 0.014503 0.998531 -0.052199 11.798400 -0.137647 0.053701 0.989025 0.000000 0.000000 0.000000 0.000000 1.000000
0.990379 -0.006519 0.138226 -0.000000 0.014367 0.998336 -0.055853 11.798400 -0.137632 0.057301 0.988825 0.000000 0.000000 0.000000 0.000000 1.000000
0.990502 -0.006534 0.137346 -0.000000 0.014882 0.998097 -0.059840 11.798400 -0.136694 0.061316 0.988714 0.000000 0.000000 0.000000 0.000000 1.000000
0.990820 -0.007750 0.134962 -0.000000 0.016567 0.997791 -0.064333 11.798400 -0.134165 0.065979 0.988760 -0.000000 0.000000 0.000000 0.000000 1.000000
0.991237 -0.009652 0.131741 -0.000000 0.018967 0.997392 -0.069633 11.798400 -0.130725 0.071521 0.988835 -0.000000 0.000000 0.000000 0.000000 1.000000
0.991541 -0.012090 0.129227 0.000000 0.021994 0.996904 -0.075495 11.798400 -0.127914 0.077698 0.988737 0.000000 0.000000 0.000000 0.000000 1.000000
0.991701 -0.014835 0.127710 0.000000 0.025341 0.996389 -0.081036 11.798400 -0.126047 0.083600 0.988495 -0.000000 0.000000 0.000000 0.000000 1.000000
0.991851 -0.015619 0.126439 0.000000 0.026767 0.995853 -0.086954 11.798400 -0.124557 0.089630 0.988156 0.000000 0.000000 0.000000 0.000000 1.000000
0.992060 -0.012870 0.125109 -0.000000 0.024755 0.995273 -0.093913 11.798400 -0.123309 0.096265 0.987688 0.000000 0.000000 0.000000 0.000000 1.000000
0.992248 -0.008966 0.123951 -0.000000 0.021519 0.994723 -0.100314 11.798400 -0.122397 0.102203 0.987205 0.000000 0.000000 0.000000 0.000000 1.000000
0.992379 -0.006877 0.123032 0.000000 0.019841 0.994331 -0.104462 11.798400 -0.121616 0.106107 0.986889 0.000000 0.000000 0.000000 0.000000 1.000000
0.992527 -0.006813 0.121835 -0.000000 0.020060 0.993966 -0.107837 11.798400 -0.120365 0.109475 0.986675 0.000000 0.000000 0.000000 0.000000 1.000000
0.992796 -0.008002 0.119549 0.000000 0.021440 0.993528 -0.111546 11.798400 -0.117882 0.113306 0.986542 -0.000000 0.000000 0.000000 0.000000 1.000000
0.993159 -0.010490 0.116295 0.000000 0.023793 0.993242 -0.113600 11.798400 -0.114317 0.115589 0.986697 0.000000 0.000000 0.000000 0.000000 1.000000
0.993422 -0.014062 0.113646 -0.000000 0.026919 0.993298 -0.112407 11.798400 -0.111303 0.114727 0.987142 0.000000 0.000000 0.000000 0.000000 1.000000
0.993439 -0.018348 0.112885 -0.000000 0.030661 0.993642 -0.108329 11.798400 -0.110179 0.111079 0.987685 0.000000 0.000000 0.000000 0.000000 1.000000
0.993203 -0.023649 0.113971 0.000000 0.035463 0.994073 -0.102771 11.798400 -0.110865 0.106114 0.988154 0.000000 0.000000 0.000000 0.000000 1.000000
0.992745 -0.029711 0.116507 0.000000 0.041299 0.994295 -0.098341 11.798400 -0.112920 0.102439 0.988309 0.000000 0.000000 0.000000 0.000000 1.000000
0.992165 -0.034553 0.120057 0.000000 0.046450 0.994126 -0.097754 11.798400 -0.115974 0.102564 0.987943 0.000000 0.000000 0.000000 0.000000 1.000000
0.991660 -0.034250 0.124250 0.000000 0.046963 0.993789 -0.100881 11.798400 -0.120023 0.105875 0.987109 -0.000000 0.000000 0.000000 0.000000 1.000000
0.991274 -0.025641 0.129299 0.000000 0.039109 0.993941 -0.102723 11.798400 -0.125882 0.106884 0.986271 -0.000000 0.000000 0.000000 0.000000 1.000000
0.990846 -0.009540 0.134662 0.000000 0.022224 0.995418 -0.093002 11.798400 -0.133157 0.095143 0.986518 0.000000 0.000000 0.000000 0.000000 1.000000
0.990265 0.005802 0.139072 0.000000 0.002919 0.998046 -0.062421 11.798400 -0.139163 0.062219 0.988313 0.000000 0.000000 0.000000 0.000000 1.000000
0.989604 0.019702 0.142462 -0.000000 -0.015788 0.999468 -0.028551 11.798400 -0.142949 0.026005 0.989388 -0.000000 0.000000 0.000000 0.000000 1.000000
0.988945 0.020147 0.146905 0.000000 -0.017894 0.999701 -0.016642 11.798400 -0.147196 0.013829 0.989011 0.000000 0.000000 0.000000 0.000000 1.000000
0.988231 0.001828 0.152961 -0.000000 0.002540 0.999595 -0.028358 11.798400 -0.152951 0.028413 0.987825 0.000000 0.000000 0.000000 0.000000 1.000000
0.987738 -0.005771 0.156016 0.000000 0.013617 0.998693 -0.049269 11.798400 -0.155528 0.050789 0.986525 0.000000 0.000000 0.000000 0.000000 1.000000
0.988217 -0.010821 0.152673 0.000000 0.020569 0.997838 -0.062412 11.798400 -0.151668 0.064817 0.986304 0.000000 0.000000 0.000000 0.000000 1.000000
0.989179 -0.016987 0.145725 0.000000 0.027308 0.997234 -0.069122 11.798400 -0.144148 0.072354 0.986907 0.000000 0.000000 0.000000 0.000000 1.000000
0.989877 -0.020916 0.140379 0.000000 0.031268 0.996918 -0.071949 11.798400 -0.138441 0.075610 0.987480 0.000000 0.000000 0.000000 0.000000 1.000000
0.990103 -0.021716 0.138653 0.000000 0.032132 0.996790 -0.073329 11.798400 -0.136616 0.077058 0.987622 0.000000 0.000000 0.000000 0.000000 1.000000
0.990072 -0.022719 0.138716 0.000000 0.033585 0.996504 -0.076503 11.798400 -0.136493 0.080402 0.987373 0.000000 0.000000 0.000000 0.000000 1.000000
0.990078 -0.024551 0.138357 0.000000 0.036154 0.995978 -0.081980 11.798400 -0.135788 0.086169 0.986984 -0.000000 0.000000 0.000000 0.000000 1.000000
0.990219 -0.025094 0.137246 0.000000 0.037135 0.995612 -0.085890 11.798400 -0.134489 0.090147 0.986806 -0.000000 0.000000 0.000000 0.000000 1.000000
0.990416 -0.023387 0.136119 0.000000 0.035074 0.995840 -0.084102 11.798400 -0.133585 0.088071 0.987116 0.000000 0.000000 0.000000 0.000000 1.000000
0.990621 -0.020480 0.135098 -0.000000 0.031235 0.996466 -0.077980 11.798400 -0.133023 0.081468 0.987759 0.000000 0.000000 0.000000 0.000000 1.000000
0.990849 -0.017589 0.133827 0.000000 0.027529 0.996967 -0.072796 11.798400 -0.132141 0.075814 0.988327 0.000000 0.000000 0.000000 0.000000 1.000000
0.991075 -0.014835 0.132475 0.000000 0.024478 0.997143 -0.071466 11.798400 -0.131036 0.074071 0.988607 0.000000 0.000000 0.000000 0.000000 1.000000
0.991374 -0.009923 0.130684 0.000000 0.019313 0.997305 -0.070785 11.798400 -0.129630 0.072698 0.988894 -0.000000 0.000000 0.000000 0.000000 1.000000
0.991815 -0.010590 0.127246 0.000000 0.019207 0.997590 -0.066680 11.798400 -0.126233 0.068578 0.989627 -0.000000 0.000000 0.000000 0.000000 1.000000
0.992078 -0.022775 0.123538 0.000000 0.030297 0.997777 -0.059362 11.798400 -0.121911 0.062635 0.990563 0.000000 0.000000 0.000000 0.000000 1.000000
0.991925 -0.027176 0.123876 0.000000 0.035054 0.997469 -0.061865 11.798400 -0.121881 0.065708 0.990367 0.000000 0.000000 0.000000 0.000000 1.000000
0.991224 -0.034594 0.127587 0.000000 0.044090 0.996403 -0.072364 11.798400 -0.124624 0.077355 0.989184 0.000000 0.000000 0.000000 0.000000 1.000000
0.991256 -0.036816 0.126713 0.000000 0.048023 0.995089 -0.086551 11.798400 -0.122905 0.091879 0.988156 0.000000 0.000000 0.000000 0.000000 1.000000
0.991926 -0.035569 0.121724 -0.000000 0.047173 0.994471 -0.093822 11.798400 -0.117714 0.098807 0.988120 0.000000 0.000000 0.000000 0.000000 1.000000
0.992215 -0.033150 0.120046 0.000000 0.044544 0.994621 -0.093512 11.798400 -0.116300 0.098131 0.988355 -0.000000 0.000000 0.000000 0.000000 1.000000
0.992175 -0.031175 0.120897 0.000000 0.042575 0.994766 -0.092887 11.798400 -0.117369 0.097307 0.988310 0.000000 0.000000 0.000000 0.000000 1.000000
0.992241 -0.029857 0.120689 0.000000 0.041201 0.994848 -0.092623 11.798400 -0.117302 0.096877 0.988360 0.000000 0.000000 0.000000 0.000000 1.000000
0.992206 -0.028335 0.121348 0.000000 0.039297 0.995264 -0.088916 11.798400 -0.118254 0.092992 0.988620 0.000000 0.000000 0.000000 0.000000 1.000000
0.991957 -0.026321 0.123809 -0.000000 0.036792 0.995865 -0.083063 11.798400 -0.121111 0.086950 0.988823 0.000000 0.000000 0.000000 0.000000 1.000000
0.991798 -0.023454 0.125646 0.000000 0.033490 0.996362 -0.078368 11.798400 -0.123351 0.081933 0.988975 0.000000 0.000000 0.000000 0.000000 1.000000
0.991812 -0.019615 0.126192 0.000000 0.029130 0.996832 -0.074009 11.798400 -0.124340 0.077079 0.989241 0.000000 0.000000 0.000000 0.000000 1.000000
0.991812 -0.015556 0.126759 -0.000000 0.024327 0.997392 -0.067946 11.798400 -0.125372 0.070473 0.989604 -0.000000 0.000000 0.000000 0.000000 1.000000
0.991656 -0.012269 0.128325 -0.000000 0.020208 0.997949 -0.060748 11.798400 -0.127317 0.062834 0.989870 -0.000000 0.000000 0.000000 0.000000 1.000000
0.991330 -0.010091 0.131009 0.000000 0.017311 0.998386 -0.054092 11.798400 -0.130252 0.055891 0.989904 0.000000 0.000000 0.000000 0.000000 1.000000
0.990933 -0.008722 0.134072 -0.000000 0.015402 0.998686 -0.048871 11.798400 -0.133470 0.050492 0.989766 0.000000 0.000000 0.000000 0.000000 1.000000
0.990645 -0.008018 0.136226 -0.000000 0.014355 0.998856 -0.045603 11.798400 -0.135704 0.047132 0.989628 0.000000 0.000000 0.000000 0.000000 1.000000
0.990551 -0.007850 0.136916 -0.000000 0.014107 0.998897 -0.044787 11.798400 -0.136414 0.046296 0.989570 -0.000000 0.000000 0.000000 0.000000 1.000000
0.990537 -0.007939 0.137017 0.000000 0.014321 0.998854 -0.045659 11.798400 -0.136498 0.047189 0.989516 -0.000000 0.000000 0.000000 0.000000 1.000000</float_array>
        <technique_common>
          <accessor source="#mixamorig12_Spine1-Matrix-animation-output-transform-array" count="61" stride="16">
            <param type="float4x4"/>
          </accessor>
        </technique_common>
      </source>
      <source id="mixamorig12_Spine1-Interpolations">
        <Name_array id="mixamorig12_Spine1-Interpolations-array" count="61">
 LINEAR LINEAR LINEAR LINEAR LINEAR LINEAR LINEAR LINEAR LINEAR LINEAR LINEAR
LINEAR LINEAR LINEAR LINEAR LINEAR LINEAR LINEAR LINEAR LINEAR LINEAR LINEAR LINEAR
LINEAR LINEAR LINEAR LINEAR LINEAR LINEAR LINEAR LINEAR LINEAR LINEAR LINEAR LINEAR
LINEAR LINEAR LINEAR LINEAR LINEAR LINEAR LINEAR LINEAR LINEAR LINEAR LINEAR LINEAR
LINEAR LINEAR LINEAR LINEAR LINEAR LINEAR LINEAR LINEAR LINEAR LINEAR LINEAR LINEAR
LINEAR LINEAR</Name_array>
        <technique_common>
          <accessor source="#mixamorig12_Spine1-Interpolations-array" count="61">
            <param type="name"/>
          </accessor>
        </technique_common>
      </source>
      <sampler id="mixamorig12_Spine1-Matrix-animation-transform">
        <input semantic="INPUT" source="#mixamorig12_Spine1-Matrix-animation-input"/>
        <input semantic="OUTPUT" source="#mixamorig12_Spine1-Matrix-animation-output-transform"/>
        <input semantic="INTERPOLATION" source="#mixamorig12_Spine1-Interpolations"/>
      </sampler>
      <channel source="#mixamorig12_Spine1-Matrix-animation-transform" target="mixamorig12_Spine1/matrix"/>
    </animation>
    <animation id="mixamorig12_Spine2-anim" name="mixamorig12_Spine2">
      <source id="mixamorig12_Spine2-Matrix-animation-input">
        <float_array id="mixamorig12_Spine2-Matrix-animation-input-array" count="61">

0.000000 0.033333 0.066667 0.100000 0.133333 0.166667 0.200000 0.233333 0.266667 0.300000 0.333333 0.366667 0.400000 0.433333 0.466667 0.500000
0.533333 0.566667 0.600000 0.633333 0.666667 0.700000 0.733333 0.766667 0.800000 0.833333 0.866667 0.900000 0.933333 0.966667 1.000000 1.033333
1.066667 1.100000 1.133333 1.166667 1.200000 1.233333 1.266667 1.300000 1.333333 1.366667 1.400000 1.433333 1.466667 1.500000 1.533333 1.566667
1.600000 1.633333 1.666667 1.700000 1.733333 1.766667 1.800000 1.833333 1.866667 1.900000 1.933333 1.966667 2.000000</float_array>
        <technique_common>
          <accessor source="#mixamorig12_Spine2-Matrix-animation-input-array" count="61">
            <param name="TIME" type="float"/>
          </accessor>
        </technique_common>
      </source>
      <source id="mixamorig12_Spine2-Matrix-animation-output-transform">
        <float_array id="mixamorig12_Spine2-Matrix-animation-output-transform-array" count="976">

0.990540 -0.004761 0.137138 0.000000 0.011335 0.998821 -0.047196 13.483900 -0.136752 0.048304 0.989427 -0.000000 0.000000 0.000000 0.000000 1.000000
0.990430 -0.004634 0.137936 -0.000000 0.011670 0.998669 -0.050244 13.483900 -0.137520 0.051372 0.989166 0.000000 0.000000 0.000000 0.000000 1.000000
0.990362 -0.004012 0.138448 0.000000 0.011547 0.998492 -0.053669 13.483900 -0.138024 0.054750 0.988915 0.000000 0.000000 0.000000 0.000000 1.000000
0.990347 -0.003328 0.138573 0.000000 0.011363 0.998296 -0.057232 13.483900 -0.138146 0.058254 0.988697 0.000000 0.000000 0.000000 0.000000 1.000000
0.990446 -0.003231 0.137864 -0.000000 0.011758 0.998064 -0.061077 13.483900 -0.137400 0.062115 0.988566 0.000000 0.000000 0.000000 0.000000 1.000000
0.990744 -0.004253 0.135680 0.000000 0.013243 0.997770 -0.065426 13.483900 -0.135099 0.066617 0.988590 0.000000 0.000000 0.000000 0.000000 1.000000
0.991145 -0.005950 0.132651 -0.000000 0.015442 0.997382 -0.070642 13.483900 -0.131883 0.072065 0.988642 0.000000 0.000000 0.000000 0.000000 1.000000
0.991437 -0.008230 0.130324 0.000000 0.018324 0.996905 -0.076447 13.483900 -0.129292 0.078181 0.988520 0.000000 0.000000 0.000000 0.000000 1.000000
0.991583 -0.010833 0.129016 0.000000 0.021547 0.996404 -0.081945 13.483900 -0.127664 0.084035 0.988251 0.000000 0.000000 0.000000 0.000000 1.000000
0.991705 -0.011454 0.128020 0.000000 0.022841 0.995873 -0.087838 13.483900 -0.126486 0.090034 0.987874 -0.000000 0.000000 0.000000 0.000000 1.000000
0.991860 -0.008534 0.127045 -0.000000 0.020702 0.995284 -0.094765 13.483900 -0.125637 0.096623 0.987360 0.000000 0.000000 0.000000 0.000000 1.000000
0.991986 -0.004506 0.126270 0.000000 0.017389 0.994723 -0.101116 13.483900 -0.125148 0.102502 0.986829 0.000000 0.000000 0.000000 0.000000 1.000000
0.992071 -0.002338 0.125658 -0.000000 0.015671 0.994325 -0.105223 13.483900 -0.124699 0.106358 0.986478 -0.000000 0.000000 0.000000 0.000000 1.000000
0.992194 -0.002198 0.124684 0.000000 0.015846 0.993962 -0.108579 13.483900 -0.123692 0.109707 0.986238 -0.000000 0.000000 0.000000 0.000000 1.000000
0.992452 -0.003292 0.122591 0.000000 0.017167 0.993527 -0.112294 13.483900 -0.121428 0.113551 0.986084 0.000000 0.000000 0.000000 0.000000 1.000000
0.992822 -0.005686 0.119468 0.000000 0.019451 0.993248 -0.114371 13.483900 -0.118011 0.115873 0.986229 0.000000 0.000000 0.000000 0.000000 1.000000
0.993109 -0.009213 0.116830 -0.000000 0.022529 0.993320 -0.113176 13.483900 -0.115007 0.115028 0.986682 -0.000000 0.000000 0.000000 0.000000 1.000000
0.993166 -0.013533 0.115925 0.000000 0.026268 0.993690 -0.109046 13.483900 -0.113718 0.111346 0.987254 -0.000000 0.000000 0.000000 0.000000 1.000000
0.992985 -0.018956 0.116711 -0.000000 0.031133 0.994152 -0.103408 13.483900 -0.114068 0.106316 0.987768 -0.000000 0.000000 0.000000 0.000000 1.000000
0.992587 -0.025220 0.118888 0.000000 0.037112 0.994405 -0.098900 13.483900 -0.115728 0.102579 0.987970 -0.000000 0.000000 0.000000 0.000000 1.000000
