<?xml version="1.0" encoding="utf-8"?>
<COLLADA xmlns="http://www.collada.org/2005/11/COLLADASchema" version="1.4.1">
  <asset>
    <contributor>
      <author>Mixamo</author>
      <authoring_tool>COLLADA Mixamo exporter</authoring_tool>
      <comments/>
    </contributor>
    <created>2025-06-01T04:28:00Z</created>
    <modified>2025-06-01T04:28:00Z</modified>
    <revision/>
    <title/>
    <unit meter="0.010000"/>
    <up_axis>Y_UP</up_axis>
  </asset>
  <library_animations>
    <animation id="mixamorig12_Hips-anim" name="mixamorig12_Hips">
      <source id="mixamorig12_Hips-Matrix-animation-input">
        <float_array id="mixamorig12_Hips-Matrix-animation-input-array" count="32">

0.000000 0.033333 0.066667 0.100000 0.133333 0.166667 0.200000 0.233333 0.266667 0.300000 0.333333 0.366667 0.400000 0.433333 0.466667 0.500000
0.533333 0.566667 0.600000 0.633333 0.666667 0.700000 0.733333 0.766667 0.800000 0.833333 0.866667 0.900000 0.933333 0.966667 1.000000 1.033333</float_array>
        <technique_common>
          <accessor source="#mixamorig12_Hips-Matrix-animation-input-array" count="32">
            <param name="TIME" type="float"/>
          </accessor>
        </technique_common>
      </source>
      <source id="mixamorig12_Hips-Matrix-animation-output-transform">
        <float_array id="mixamorig12_Hips-Matrix-animation-output-transform-array" count="512">

0.999390 -0.009787 0.033533 -0.002137 0.010922 0.999368 -0.033839 98.663002 -0.033181 0.034185 0.998865 0.375722 0.000000 0.000000 0.000000 1.000000
0.999631 -0.011291 0.024705 0.151158 0.012376 0.998944 -0.044249 99.181648 -0.024179 0.044539 0.998715 -0.131836 0.000000 0.000000 0.000000 1.000000
0.999897 -0.004075 0.013788 0.375333 0.004834 0.998446 -0.055516 98.881088 -0.013541 0.055576 0.998363 -0.581589 0.000000 0.000000 0.000000 1.000000
0.999747 0.021405 -0.006863 0.668215 -0.021797 0.997755 -0.063317 97.784851 0.005492 0.063451 0.997970 -0.858247 0.000000 0.000000 0.000000 1.000000
0.998326 0.046761 -0.034027 0.936350 -0.048931 0.996618 -0.066024 96.153816 0.030824 0.067579 0.997238 -0.845779 0.000000 0.000000 0.000000 1.000000
0.996974 0.056222 -0.053679 1.210943 -0.059865 0.995829 -0.068849 94.442642 0.049585 0.071854 0.996182 -0.774606 0.000000 0.000000 0.000000 1.000000
0.996456 0.054244 -0.064282 1.544904 -0.058669 0.995885 -0.069079 93.101395 0.060271 0.072606 0.995538 -0.764231 0.000000 0.000000 0.000000 1.000000
0.997370 0.040775 -0.059921 1.970656 -0.043953 0.997642 -0.052710 92.122025 0.057630 0.055205 0.996810 -0.163837 0.000000 0.000000 0.000000 1.000000
0.998260 0.032035 -0.049513 2.600443 -0.034026 0.998624 -0.039901 91.665749 0.048167 0.041517 0.997976 1.066736 0.000000 0.000000 0.000000 1.000000
0.998970 0.023796 -0.038640 3.300862 -0.024899 0.999289 -0.028315 91.480591 0.037939 0.029248 0.998852 2.068763 0.000000 0.000000 0.000000 1.000000
0.999484 0.016813 -0.027371 3.940275 -0.017310 0.999688 -0.017994 91.440529 0.027060 0.018459 0.999463 2.618973 0.000000 0.000000 0.000000 1.000000
0.999824 0.010939 -0.015268 4.536286 -0.011076 0.999898 -0.008980 91.688522 0.015168 0.009147 0.999843 2.797215 0.000000 0.000000 0.000000 1.000000
0.999981 0.005671 -0.002424 4.982316 -0.005674 0.999983 -0.001288 92.357368 0.002417 0.001302 0.999996 2.675219 0.000000 0.000000 0.000000 1.000000
0.999937 0.001064 0.011215 5.139117 -0.001121 0.999987 0.005071 93.589912 -0.011210 -0.005083 0.999924 2.364762 0.000000 0.000000 0.000000 1.000000
0.999674 -0.003207 0.025328 5.032631 0.002952 0.999945 0.010100 95.014099 -0.025359 -0.010022 0.999628 1.964632 0.000000 0.000000 0.000000 1.000000
0.999187 -0.007459 0.039609 4.724070 0.006917 0.999881 0.013810 96.219727 -0.039707 -0.013524 0.999120 1.727750 0.000000 0.000000 0.000000 1.000000
0.998486 -0.011503 0.053791 4.424976 0.010774 0.999846 0.013828 97.171516 -0.053942 -0.013227 0.998456 1.631458 0.000000 0.000000 0.000000 1.000000
0.997637 -0.015107 0.067030 4.155008 0.014505 0.999850 0.009461 97.572327 -0.067163 -0.008467 0.997706 1.495897 0.000000 0.000000 0.000000 1.000000
0.996682 -0.019020 0.079139 3.855564 0.019107 0.999817 -0.000349 97.355034 -0.079118 0.001860 0.996864 1.356311 0.000000 0.000000 0.000000 1.000000
0.994668 -0.035673 0.096763 3.454489 0.037097 0.999228 -0.012962 96.704613 -0.096226 0.016483 0.995223 1.403399 0.000000 0.000000 0.000000 1.000000
0.991937 -0.050782 0.116111 3.046624 0.054220 0.998173 -0.026648 95.551910 -0.114545 0.032729 0.992879 1.605257 0.000000 0.000000 0.000000 1.000000
0.990159 -0.057720 0.127487 2.650921 0.063577 0.997078 -0.042357 94.283669 -0.124669 0.050045 0.990935 1.612484 0.000000 0.000000 0.000000 1.000000
0.990290 -0.053511 0.128305 2.127016 0.059715 0.997200 -0.045008 92.947624 -0.125537 0.052233 0.990713 1.901709 0.000000 0.000000 0.000000 1.000000
0.992530 -0.033507 0.117307 1.506615 0.037352 0.998830 -0.030731 91.973198 -0.116140 0.034883 0.992620 2.693261 0.000000 0.000000 0.000000 1.000000
0.994241 -0.021044 0.105084 0.839246 0.023936 0.999367 -0.026338 91.486412 -0.104463 0.028701 0.994115 3.595205 0.000000 0.000000 0.000000 1.000000
0.995531 -0.014460 0.093323 0.174025 0.016887 0.999538 -0.025261 91.398407 -0.092915 0.026724 0.995315 4.216246 0.000000 0.000000 0.000000 1.000000
0.996576 -0.011918 0.081819 -0.522268 0.014151 0.999541 -0.026773 91.905746 -0.081463 0.027839 0.996288 4.406708 0.000000 0.000000 0.000000 1.000000
0.997422 -0.011359 0.070854 -1.041404 0.013499 0.999465 -0.029784 92.818459 -0.070478 0.030664 0.997042 3.893079 0.000000 0.000000 0.000000 1.000000
0.998097 -0.011698 0.060542 -1.145359 0.013725 0.999356 -0.033168 94.171738 -0.060115 0.033936 0.997614 3.082420 0.000000 0.000000 0.000000 1.000000
0.998628 -0.012391 0.050887 -0.868986 0.014221 0.999259 -0.035766 95.811264 -0.050407 0.036441 0.998064 2.291953 0.000000 0.000000 0.000000 1.000000
0.999048 -0.012030 0.041930 -0.422155 0.013560 0.999246 -0.036392 97.412491 -0.041460 0.036926 0.998458 1.381076 0.000000 0.000000 0.000000 1.000000
0.999390 -0.009787 0.033533 -0.002137 0.010922 0.999368 -0.033839 98.663002 -0.033181 0.034185 0.998865 0.375722 0.000000 0.000000 0.000000 1.000000</float_array>
        <technique_common>
          <accessor source="#mixamorig12_Hips-Matrix-animation-output-transform-array" count="32" stride="16">
            <param type="float4x4"/>
          </accessor>
        </technique_common>
      </source>
      <source id="mixamorig12_Hips-Interpolations">
        <Name_array id="mixamorig12_Hips-Interpolations-array" count="32">
 LINEAR LINEAR LINEAR LINEAR LINEAR LINEAR LINEAR LINEAR LINEAR LINEAR LINEAR
LINEAR LINEAR LINEAR LINEAR LINEAR LINEAR LINEAR LINEAR LINEAR LINEAR LINEAR LINEAR
LINEAR LINEAR LINEAR LINEAR LINEAR LINEAR LINEAR LINEAR LINEAR</Name_array>
        <technique_common>
          <accessor source="#mixamorig12_Hips-Interpolations-array" count="32">
            <param type="name"/>
          </accessor>
        </technique_common>
      </source>
      <sampler id="mixamorig12_Hips-Matrix-animation-transform">
        <input semantic="INPUT" source="#mixamorig12_Hips-Matrix-animation-input"/>
        <input semantic="OUTPUT" source="#mixamorig12_Hips-Matrix-animation-output-transform"/>
        <input semantic="INTERPOLATION" source="#mixamorig12_Hips-Interpolations"/>
      </sampler>
      <channel source="#mixamorig12_Hips-Matrix-animation-transform" target="mixamorig12_Hips/matrix"/>
    </animation>
    <animation id="mixamorig12_Spine-anim" name="mixamorig12_Spine">
      <source id="mixamorig12_Spine-Matrix-animation-input">
        <float_array id="mixamorig12_Spine-Matrix-animation-input-array" count="32">

0.000000 0.033333 0.066667 0.100000 0.133333 0.166667 0.200000 0.233333 0.266667 0.300000 0.333333 0.366667 0.400000 0.433333 0.466667 0.500000
0.533333 0.566667 0.600000 0.633333 0.666667 0.700000 0.733333 0.766667 0.800000 0.833333 0.866667 0.900000 0.933333 0.966667 1.000000 1.033333</float_array>
        <technique_common>
          <accessor source="#mixamorig12_Spine-Matrix-animation-input-array" count="32">
            <param name="TIME" type="float"/>
          </accessor>
        </technique_common>
      </source>
      <source id="mixamorig12_Spine-Matrix-animation-output-transform">
        <float_array id="mixamorig12_Spine-Matrix-animation-output-transform-array" count="512">

0.999657 0.014235 -0.021998 0.000000 -0.014194 0.999897 0.002038 10.052400 0.022025 -0.001725 0.999756 -1.105100 0.000000 0.000000 0.000000 1.000000
0.999871 0.015001 -0.005699 0.000000 -0.014951 0.999850 0.008726 10.052400 0.005829 -0.008639 0.999946 -1.105100 0.000000 0.000000 0.000000 1.000000
0.999943 0.000482 0.010707 0.000000 -0.000657 0.999866 0.016329 10.052400 -0.010698 -0.016335 0.999809 -1.105100 0.000000 0.000000 0.000000 1.000000
0.998524 -0.041928 0.034517 0.000000 0.041046 0.998822 0.025889 10.052400 -0.035562 -0.024434 0.999069 -1.105100 0.000000 0.000000 0.000000 1.000000
0.995568 -0.076471 0.054743 0.000000 0.074463 0.996506 0.037824 10.052400 -0.057444 -0.033580 0.997784 -1.105100 0.000000 0.000000 0.000000 1.000000
0.994886 -0.080906 0.060462 0.000000 0.078115 0.995827 0.047193 10.052400 -0.064028 -0.042229 0.997054 -1.105100 0.000000 0.000000 0.000000 1.000000
0.995468 -0.067795 0.066687 0.000000 0.064699 0.996772 0.047540 10.052400 -0.069695 -0.043010 0.996641 -1.105100 0.000000 0.000000 0.000000 1.000000
0.996536 -0.040064 0.072872 -0.000000 0.037252 0.998523 0.039542 10.052400 -0.074348 -0.036691 0.996557 -1.105100 0.000000 0.000000 0.000000 1.000000
0.997142 -0.018645 0.073215 -0.000000 0.015208 0.998769 0.047214 10.052400 -0.074006 -0.045965 0.996198 -1.105100 0.000000 0.000000 0.000000 1.000000
0.997534 0.005551 0.069966 -0.000000 -0.009010 0.998747 0.049222 10.052400 -0.069605 -0.049731 0.996334 -1.105100 0.000000 0.000000 0.000000 1.000000
0.997393 0.016345 0.070289 -0.000000 -0.019521 0.998808 0.044740 10.052400 -0.069473 -0.045996 0.996523 -1.105100 0.000000 0.000000 0.000000 1.000000
0.998157 0.018512 0.057791 -0.000000 -0.020797 0.999015 0.039200 10.052400 -0.057009 -0.040329 0.997559 -1.105100 0.000000 0.000000 0.000000 1.000000
0.999563 0.016774 0.024334 -0.000000 -0.017569 0.999307 0.032818 10.052400 -0.023767 -0.033231 0.999165 -1.105100 0.000000 0.000000 0.000000 1.000000
0.999847 0.014197 -0.010223 0.000000 -0.013927 0.999565 0.025987 10.052400 0.010587 -0.025840 0.999610 -1.105100 0.000000 0.000000 0.000000 1.000000
0.999312 0.014426 -0.034155 0.000000 -0.013702 0.999678 0.021350 10.052400 0.034452 -0.020868 0.999188 -1.105100 0.000000 0.000000 0.000000 1.000000
0.998327 0.021959 -0.053496 -0.000000 -0.020787 0.999534 0.022369 10.052400 0.053962 -0.021220 0.998317 -1.105100 0.000000 0.000000 0.000000 1.000000
0.996938 0.028677 -0.072741 0.000000 -0.026921 0.999325 0.025007 10.052400 0.073409 -0.022972 0.997037 -1.105100 0.000000 0.000000 0.000000 1.000000
0.995437 0.033541 -0.089335 0.000000 -0.031576 0.999229 0.023314 10.052400 0.090048 -0.020386 0.995729 -1.105100 0.000000 0.000000 0.000000 1.000000
0.993997 0.041589 -0.101198 -0.000000 -0.039438 0.998954 0.023160 10.052400 0.102056 -0.019030 0.994597 -1.105100 0.000000 0.000000 0.000000 1.000000
0.990805 0.071210 -0.115042 -0.000000 -0.068038 0.997192 0.031272 10.052400 0.116946 -0.023157 0.992868 -1.105100 0.000000 0.000000 0.000000 1.000000
0.987846 0.094886 -0.123114 -0.000000 -0.089949 0.994926 0.045074 10.052400 0.126767 -0.033452 0.991368 -1.105100 0.000000 0.000000 0.000000 1.000000
0.988368 0.094271 -0.119336 0.000000 -0.088241 0.994587 0.054861 10.052400 0.123862 -0.043693 0.991337 -1.105100 0.000000 0.000000 0.000000 1.000000
0.990620 0.079406 -0.111203 0.000000 -0.074145 0.995959 0.050681 10.052400 0.114778 -0.041961 0.992505 -1.105100 0.000000 0.000000 0.000000 1.000000
0.993492 0.047889 -0.103348 0.000000 -0.044334 0.998352 0.036428 10.052400 0.104922 -0.031609 0.993978 -1.105100 0.000000 0.000000 0.000000 1.000000
0.993791 0.023632 -0.108724 0.000000 -0.019694 0.999116 0.037151 10.052400 0.109505 -0.034779 0.993378 -1.105100 0.000000 0.000000 0.000000 1.000000
0.992525 0.018437 -0.120640 -0.000000 -0.013521 0.999049 0.041442 10.052400 0.121289 -0.039501 0.991831 -1.105100 0.000000 0.000000 0.000000 1.000000
0.993326 0.022664 -0.113096 0.000000 -0.017799 0.998880 0.043842 10.052400 0.113962 -0.041536 0.992616 -1.105100 0.000000 0.000000 0.000000 1.000000
0.996045 0.028430 -0.084182 0.000000 -0.025446 0.999017 0.036308 10.052400 0.085132 -0.034022 0.995789 -1.105100 0.000000 0.000000 0.000000 1.000000
0.997925 0.030433 -0.056745 -0.000000 -0.028898 0.999199 0.027670 10.052400 0.057542 -0.025973 0.998005 -1.105100 0.000000 0.000000 0.000000 1.000000
0.998826 0.027595 -0.039822 0.000000 -0.026674 0.999369 0.023474 10.052400 0.040445 -0.022385 0.998931 -1.105100 0.000000 0.000000 0.000000 1.000000
0.999333 0.021638 -0.029406 0.000000 -0.021167 0.999644 0.016233 10.052400 0.029747 -0.015600 0.999436 -1.105100 0.000000 0.000000 0.000000 1.000000
0.999657 0.014235 -0.021998 0.000000 -0.014194 0.999897 0.002038 10.052400 0.022025 -0.001725 0.999756 -1.105100 0.000000 0.000000 0.000000 1.000000</float_array>
        <technique_common>
          <accessor source="#mixamorig12_Spine-Matrix-animation-output-transform-array" count="32" stride="16">
            <param type="float4x4"/>
          </accessor>
        </technique_common>
      </source>
      <source id="mixamorig12_Spine-Interpolations">
        <Name_array id="mixamorig12_Spine-Interpolations-array" count="32">
 LINEAR LINEAR LINEAR LINEAR LINEAR LINEAR LINEAR LINEAR LINEAR LINEAR LINEAR
LINEAR LINEAR LINEAR LINEAR LINEAR LINEAR LINEAR LINEAR LINEAR LINEAR LINEAR LINEAR
LINEAR LINEAR LINEAR LINEAR LINEAR LINEAR LINEAR LINEAR LINEAR</Name_array>
        <technique_common>
          <accessor source="#mixamorig12_Spine-Interpolations-array" count="32">
            <param type="name"/>
          </accessor>
        </technique_common>
      </source>
      <sampler id="mixamorig12_Spine-Matrix-animation-transform">
        <input semantic="INPUT" source="#mixamorig12_Spine-Matrix-animation-input"/>
        <input semantic="OUTPUT" source="#mixamorig12_Spine-Matrix-animation-output-transform"/>
        <input semantic="INTERPOLATION" source="#mixamorig12_Spine-Interpolations"/>
      </sampler>
      <channel source="#mixamorig12_Spine-Matrix-animation-transform" target="mixamorig12_Spine/matrix"/>
    </animation>
    <animation id="mixamorig12_Spine1-anim" name="mixamorig12_Spine1">
      <source id="mixamorig12_Spine1-Matrix-animation-input">
        <float_array id="mixamorig12_Spine1-Matrix-animation-input-array" count="32">

0.000000 0.033333 0.066667 0.100000 0.133333 0.166667 0.200000 0.233333 0.266667 0.300000 0.333333 0.366667 0.400000 0.433333 0.466667 0.500000
0.533333 0.566667 0.600000 0.633333 0.666667 0.700000 0.733333 0.766667 0.800000 0.833333 0.866667 0.900000 0.933333 0.966667 1.000000 1.033333</float_array>
        <technique_common>
          <accessor source="#mixamorig12_Spine1-Matrix-animation-input-array" count="32">
            <param name="TIME" type="float"/>
          </accessor>
        </technique_common>
      </source>
      <source id="mixamorig12_Spine1-Matrix-animation-output-transform">
        <float_array id="mixamorig12_Spine1-Matrix-animation-output-transform-array" count="512">

0.998877 -0.016746 -0.044310 -0.000000 0.014819 0.998945 -0.043462 11.798400 0.044992 0.042757 0.998072 0.000000 0.000000 0.000000 0.000000 1.000000
0.999414 -0.008220 -0.033220 0.000000 0.006925 0.999219 -0.038910 11.798400 0.033514 0.038657 0.998690 0.000000 0.000000 0.000000 0.000000 1.000000
0.999764 0.002960 -0.021514 -0.000000 -0.003714 0.999377 -0.035103 11.798400 0.021397 0.035175 0.999152 0.000000 0.000000 0.000000 0.000000 1.000000
0.999771 0.019238 -0.009336 0.000000 -0.019546 0.999229 -0.034053 11.798400 0.008674 0.034228 0.999376 0.000000 0.000000 0.000000 0.000000 1.000000
0.999523 0.030648 0.003889 -0.000000 -0.030493 0.998920 -0.035045 11.798400 -0.004959 0.034909 0.999378 0.000000 0.000000 0.000000 0.000000 1.000000
0.999336 0.031212 0.018803 -0.000000 -0.030539 0.998919 -0.035060 11.798400 -0.019877 0.034462 0.999208 -0.000000 0.000000 0.000000 0.000000 1.000000
0.999084 0.027279 0.032981 0.000000 -0.026108 0.999031 -0.035433 11.798400 -0.033916 0.034539 0.998828 -0.000000 0.000000 0.000000 0.000000 1.000000
0.998768 0.024437 0.043184 0.000000 -0.022846 0.999056 -0.036960 11.798400 -0.044046 0.035928 0.998383 0.000000 0.000000 0.000000 0.000000 1.000000
0.998661 0.020025 0.047694 0.000000 -0.018432 0.999265 -0.033608 11.798400 -0.048332 0.032684 0.998296 0.000000 0.000000 0.000000 0.000000 1.000000
0.998998 0.008903 0.043872 -0.000000 -0.007772 0.999635 -0.025885 11.798400 -0.044086 0.025518 0.998702 -0.000000 0.000000 0.000000 0.000000 1.000000
0.999347 0.008572 0.035094 -0.000000 -0.007796 0.999724 -0.022181 11.798400 -0.035275 0.021893 0.999138 0.000000 0.000000 0.000000 0.000000 1.000000
0.999562 0.009608 0.027990 0.000000 -0.008979 0.999706 -0.022525 11.798400 -0.028198 0.022263 0.999354 0.000000 0.000000 0.000000 0.000000 1.000000
0.999796 0.007754 0.018639 0.000000 -0.007261 0.999626 -0.026368 11.798400 -0.018836 0.026228 0.999479 0.000000 0.000000 0.000000 0.000000 1.000000
0.999977 0.006566 0.001691 -0.000000 -0.006511 0.999498 -0.030993 11.798400 -0.001894 0.030981 0.999518 0.000000 0.000000 0.000000 0.000000 1.000000
0.999805 0.006491 -0.018637 -0.000000 -0.007109 0.999421 -0.033271 11.798400 0.018410 0.033397 0.999273 0.000000 0.000000 0.000000 0.000000 1.000000
0.999306 0.002068 -0.037186 -0.000000 -0.003343 0.999407 -0.034278 11.798400 0.037093 0.034378 0.998720 0.000000 0.000000 0.000000 0.000000 1.000000
0.998479 -0.003717 -0.055001 -0.000000 0.001764 0.999368 -0.035517 11.798400 0.055098 0.035366 0.997854 0.000000 0.000000 0.000000 0.000000 1.000000
0.997222 -0.010320 -0.073774 0.000000 0.007658 0.999312 -0.036280 11.798400 0.074098 0.035615 0.996615 0.000000 0.000000 0.000000 0.000000 1.000000
0.995594 -0.020087 -0.091590 0.000000 0.016694 0.999151 -0.037661 11.798400 0.092269 0.035966 0.995084 -0.000000 0.000000 0.000000 0.000000 1.000000
0.993593 -0.034679 -0.107567 -0.000000 0.030246 0.998636 -0.042569 11.798400 0.108896 0.039042 0.993286 0.000000 0.000000 0.000000 0.000000 1.000000
0.991398 -0.043968 -0.123273 -0.000000 0.038475 0.998173 -0.046587 11.798400 0.125096 0.041443 0.991279 0.000000 0.000000 0.000000 0.000000 1.000000
0.989758 -0.042301 -0.136348 0.000000 0.036468 0.998321 -0.044998 11.798400 0.138022 0.039565 0.989639 0.000000 0.000000 0.000000 0.000000 1.000000
0.988911 -0.039274 -0.143225 -0.000000 0.033247 0.998468 -0.044236 11.798400 0.144743 0.038984 0.988701 0.000000 0.000000 0.000000 0.000000 1.000000
0.988725 -0.038126 -0.144809 -0.000000 0.031825 0.998453 -0.045589 11.798400 0.146323 0.040467 0.988409 0.000000 0.000000 0.000000 0.000000 1.000000
0.989519 -0.031930 -0.140825 0.000000 0.026314 0.998789 -0.041560 11.798400 0.141982 0.037419 0.989162 0.000000 0.000000 0.000000 0.000000 1.000000
0.990498 -0.035329 -0.132910 -0.000000 0.030129 0.998708 -0.040931 11.798400 0.134184 0.036538 0.990283 0.000000 0.000000 0.000000 0.000000 1.000000
0.991362 -0.035556 -0.126242 0.000000 0.030739 0.998731 -0.039898 11.798400 0.127501 0.035673 0.991197 0.000000 0.000000 0.000000 0.000000 1.000000
0.992642 -0.033401 -0.116388 0.000000 0.028844 0.998758 -0.040618 11.798400 0.117601 0.036962 0.992373 0.000000 0.000000 0.000000 0.000000 1.000000
0.994686 -0.030807 -0.098237 -0.000000 0.026604 0.998685 -0.043817 11.798400 0.099458 0.040971 0.994198 0.000000 0.000000 0.000000 0.000000 1.000000
0.996778 -0.026676 -0.075649 0.000000 0.023220 0.998662 -0.046204 11.798400 0.076780 0.044298 0.996063 0.000000 0.000000 0.000000 0.000000 1.000000
0.998163 -0.022025 -0.056433 0.000000 0.019448 0.998761 -0.045806 11.798400 0.057372 0.044625 0.997355 0.000000 0.000000 0.000000 0.000000 1.000000
0.998877 -0.016746 -0.044310 0.000000 0.014819 0.998945 -0.043462 11.798400 0.044992 0.042757 0.998072 0.000000 0.000000 0.000000 0.000000 1.000000</float_array>
        <technique_common>
          <accessor source="#mixamorig12_Spine1-Matrix-animation-output-transform-array" count="32" stride="16">
            <param type="float4x4"/>
          </accessor>
        </technique_common>
      </source>
      <source id="mixamorig12_Spine1-Interpolations">
        <Name_array id="mixamorig12_Spine1-Interpolations-array" count="32">
 LINEAR LINEAR LINEAR LINEAR LINEAR LINEAR LINEAR LINEAR LINEAR LINEAR LINEAR
LINEAR LINEAR LINEAR LINEAR LINEAR LINEAR LINEAR LINEAR LINEAR LINEAR LINEAR LINEAR
LINEAR LINEAR LINEAR LINEAR LINEAR LINEAR LINEAR LINEAR LINEAR</Name_array>
        <technique_common>
          <accessor source="#mixamorig12_Spine1-Interpolations-array" count="32">
            <param type="name"/>
          </accessor>
        </technique_common>
      </source>
      <sampler id="mixamorig12_Spine1-Matrix-animation-transform">
        <input semantic="INPUT" source="#mixamorig12_Spine1-Matrix-animation-input"/>
        <input semantic="OUTPUT" source="#mixamorig12_Spine1-Matrix-animation-output-transform"/>
        <input semantic="INTERPOLATION" source="#mixamorig12_Spine1-Interpolations"/>
      </sampler>
      <channel source="#mixamorig12_Spine1-Matrix-animation-transform" target="mixamorig12_Spine1/matrix"/>
    </animation>
    <animation id="mixamorig12_Spine2-anim" name="mixamorig12_Spine2">
      <source id="mixamorig12_Spine2-Matrix-animation-input">
        <float_array id="mixamorig12_Spine2-Matrix-animation-input-array" count="32">

0.000000 0.033333 0.066667 0.100000 0.133333 0.166667 0.200000 0.233333 0.266667 0.300000 0.333333 0.366667 0.400000 0.433333 0.466667 0.500000
0.533333 0.566667 0.600000 0.633333 0.666667 0.700000 0.733333 0.766667 0.800000 0.833333 0.866667 0.900000 0.933333 0.966667 1.000000 1.033333</float_array>
        <technique_common>
          <accessor source="#mixamorig12_Spine2-Matrix-animation-input-array" count="32">
            <param name="TIME" type="float"/>
          </accessor>
        </technique_common>
      </source>
      <source id="mixamorig12_Spine2-Matrix-animation-output-transform">
        <float_array id="mixamorig12_Spine2-Matrix-animation-output-transform-array" count="512">

0.998867 -0.018732 -0.043753 0.000000 0.016849 0.998933 -0.043006 13.483900 0.044512 0.042220 0.998116 -0.000000 0.000000 0.000000 0.000000 1.000000
0.999418 -0.009923 -0.032645 0.000000 0.008660 0.999217 -0.038619 13.483900 0.033003 0.038313 0.998721 0.000000 0.000000 0.000000 0.000000 1.000000
0.999776 0.001537 -0.021108 0.000000 -0.002272 0.999391 -0.034817 13.483900 0.021041 0.034857 0.999171 0.000000 0.000000 0.000000 0.000000 1.000000
0.999792 0.018137 -0.009332 0.000000 -0.018439 0.999272 -0.033390 13.483900 0.008720 0.033555 0.999399 0.000000 0.000000 0.000000 0.000000 1.000000
0.999544 0.029980 0.003553 0.000000 -0.029844 0.998984 -0.033757 13.483900 -0.004562 0.033636 0.999424 0.000000 0.000000 0.000000 0.000000 1.000000
0.999353 0.030935 0.018369 0.000000 -0.030304 0.998974 -0.033662 13.483900 -0.019392 0.033084 0.999264 -0.000000 0.000000 0.000000 0.000000 1.000000
0.999094 0.027442 0.032523 -0.000000 -0.026321 0.999062 -0.034396 13.483900 -0.033437 0.033508 0.998879 -0.000000 0.000000 0.000000 0.000000 1.000000
0.998769 0.025137 0.042763 -0.000000 -0.023601 0.999071 -0.036066 13.483900 -0.043630 0.035012 0.998434 0.000000 0.000000 0.000000 0.000000 1.000000
0.998654 0.020553 0.047618 -0.000000 -0.019003 0.999282 -0.032786 13.483900 -0.048257 0.031837 0.998327 0.000000 0.000000 0.000000 0.000000 1.000000
0.998979 0.008558 0.044360 0.000000 -0.007426 0.999644 -0.025636 13.483900 -0.044563 0.025280 0.998687 0.000000 0.000000 0.000000 0.000000 1.000000
0.999329 0.007715 0.035792 -0.000000 -0.006944 0.999742 -0.021616 13.483900 -0.035949 0.021353 0.999125 0.000000 0.000000 0.000000 0.000000 1.000000
0.999546 0.008830 0.028807 -0.000000 -0.008206 0.999731 -0.021693 13.483900 -0.028991 0.021446 0.999350 0.000000 0.000000 0.000000 0.000000 1.000000
0.999783 0.007288 0.019500 0.000000 -0.006787 0.999648 -0.025666 13.483900 -0.019680 0.025528 0.999480 0.000000 0.000000 0.000000 0.000000 1.000000
0.999978 0.006088 0.002486 0.000000 -0.006009 0.999513 -0.030607 13.483900 -0.002671 0.030591 0.999528 0.000000 0.000000 0.000000 0.000000 1.000000
0.999823 0.005628 -0.017958 0.000000 -0.006223 0.999429 -0.033218 13.483900 0.017761 0.033324 0.999287 0.000000 0.000000 0.000000 0.000000 1.000000
0.999331 0.000721 -0.036577 0.000000 -0.001977 0.999410 -0.034298 13.483900 0.036531 0.034347 0.998742 0.000000 0.000000 0.000000 0.000000 1.000000
0.998501 -0.005594 -0.054450 0.000000 0.003672 0.999369 -0.035339 13.483900 0.054614 0.035086 0.997891 -0.000000 0.000000 0.000000 0.000000 1.000000
0.997233 -0.012645 -0.073251 0.000000 0.010044 0.999310 -0.035771 13.483900 0.073653 0.034936 0.996672 0.000000 0.000000 0.000000 0.000000 1.000000
0.995594 -0.022760 -0.090966 -0.000000 0.019514 0.999146 -0.036415 13.483900 0.091717 0.034480 0.995188 0.000000 0.000000 0.000000 0.000000 1.000000
0.993575 -0.037966 -0.106615 0.000000 0.033891 0.998634 -0.039773 13.483900 0.107979 0.035905 0.993505 0.000000 0.000000 0.000000 0.000000 1.000000
0.991372 -0.047877 -0.122019 0.000000 0.042925 0.998157 -0.042895 13.483900 0.123848 0.037288 0.991600 0.000000 0.000000 0.000000 0.000000 1.000000
0.989750 -0.046215 -0.135127 0.000000 0.040883 0.998282 -0.041976 13.483900 0.136835 0.036021 0.989939 0.000000 0.000000 0.000000 0.000000 1.000000
0.988908 -0.043355 -0.142064 0.000000 0.037761 0.998410 -0.041840 13.483900 0.143652 0.036012 0.988973 0.000000 0.000000 0.000000 0.000000 1.000000
0.988693 -0.042634 -0.143765 0.000000 0.036786 0.998394 -0.043095 13.483900 0.145371 0.037319 0.988673 -0.000000 0.000000 0.000000 0.000000 1.000000
0.989458 -0.035926 -0.140296 0.000000 0.030639 0.998743 -0.039668 13.483900 0.141545 0.034951 0.989315 -0.000000 0.000000 0.000000 0.000000 1.000000
0.990404 -0.038768 -0.132655 0.000000 0.034000 0.998698 -0.038020 13.483900 0.133956 0.033144 0.990433 0.000000 0.000000 0.000000 0.000000 1.000000
0.991261 -0.038569 -0.126154 0.000000 0.034139 0.998728 -0.037094 13.483900 0.127424 0.032463 0.991317 0.000000 0.000000 0.000000 0.000000 1.000000
0.992545 -0.036355 -0.116331 0.000000 0.032075 0.998745 -0.038461 13.483900 0.117583 0.034443 0.992466 -0.000000 0.000000 0.000000 0.000000 1.000000
0.994600 -0.033897 -0.098092 0.000000 0.029863 0.998658 -0.042306 13.483900 0.099395 0.039149 0.994278 0.000000 0.000000 0.000000 0.000000 1.000000
0.996720 -0.029543 -0.075341 -0.000000 0.026171 0.998628 -0.045357 13.483900 0.076578 0.043237 0.996126 -0.000000 0.000000 0.000000 0.000000 1.000000
0.998136 -0.024354 -0.055954 -0.000000 0.021826 0.998732 -0.045358 13.483900 0.056988 0.044052 0.997403 0.000000 0.000000 0.000000 0.000000 1.000000
0.998867 -0.018732 -0.043753 0.000000 0.016849 0.998933 -0.043006 13.483900 0.044512 0.042220 0.998116 0.000000 0.000000 0.000000 0.000000 1.000000</float_array>
        <technique_common>
          <accessor source="#mixamorig12_Spine2-Matrix-animation-output-transform-array" count="32" stride="16">
            <param type="float4x4"/>
          </accessor>
        </technique_common>
      </source>
      <source id="mixamorig12_Spine2-Interpolations">
        <Name_array id="mixamorig12_Spine2-Interpolations-array" count="32">
 LINEAR LINEAR LINEAR LINEAR LINEAR LINEAR LINEAR LINEAR LINEAR LINEAR LINEAR
LINEAR LINEAR LINEAR LINEAR LINEAR LINEAR LINEAR LINEAR LINEAR LINEAR LINEAR LINEAR
LINEAR LINEAR LINEAR LINEAR LINEAR LINEAR LINEAR LINEAR LINEAR</Name_array>
        <technique_common>
          <accessor source="#mixamorig12_Spine2-Interpolations-array" count="32">
            <param type="name"/>
          </accessor>
        </technique_common>
      </source>
      <sampler id="mixamorig12_Spine2-Matrix-animation-transform">
        <input semantic="INPUT" source="#mixamorig12_Spine2-Matrix-animation-input"/>
        <input semantic="OUTPUT" source="#mixamorig12_Spine2-Matrix-animation-output-transform"/>
        <input semantic="INTERPOLATION" source="#mixamorig12_Spine2-Interpolations"/>
      </sampler>
      <channel source="#mixamorig12_Spine2-Matrix-animation-transform" target="mixamorig12_Spine2/matrix"/>
    </animation>
    <animation id="mixamorig12_Neck-anim" name="mixamorig12_Neck">
      <source id="mixamorig12_Neck-Matrix-animation-input">
        <float_array id="mixamorig12_Neck-Matrix-animation-input-array" count="32">

0.000000 0.033333 0.066667 0.100000 0.133333 0.166667 0.200000 0.233333 0.266667 0.300000 0.333333 0.366667 0.400000 0.433333 0.466667 0.500000
0.533333 0.566667 0.600000 0.633333 0.666667 0.700000 0.733333 0.766667 0.800000 0.833333 0.866667 0.900000 0.933333 0.966667 1.000000 1.033333</float_array>
        <technique_common>
          <accessor source="#mixamorig12_Neck-Matrix-animation-input-array" count="32">
            <param name="TIME" type="float"/>
          </accessor>
        </technique_common>
      </source>
      <source id="mixamorig12_Neck-Matrix-animation-output-transform">
        <float_array id="mixamorig12_Neck-Matrix-animation-output-transform-array" count="512">

0.999301 0.004142 0.037153 -0.000000 -0.000371 0.994893 -0.100933 15.169400 -0.037381 0.100849 0.994199 -0.000000 0.000000 0.000000 0.000000 1.000000
0.999438 0.006365 0.032913 0.000000 -0.002986 0.994810 -0.101710 15.169400 -0.033389 0.101554 0.994270 -0.000000 0.000000 0.000000 0.000000 1.000000
0.999623 0.004337 0.027098 0.000000 -0.001602 0.994973 -0.100132 15.169400 -0.027396 0.100051 0.994605 0.000000 0.000000 0.000000 0.000000 1.000000
0.999795 -0.005905 0.019354 0.000000 0.007781 0.995122 -0.098348 15.169400 -0.018679 0.098478 0.994964 0.000000 0.000000 0.000000 0.000000 1.000000
0.999797 -0.016764 0.011221 0.000000 0.017794 0.994928 -0.099002 15.169400 -0.009504 0.099181 0.995024 0.000000 0.000000 0.000000 0.000000 1.000000
0.999785 -0.020307 0.004140 0.000000 0.020617 0.994854 -0.099200 15.169400 -0.002104 0.099264 0.995059 0.000000 0.000000 0.000000 0.000000 1.000000
0.999829 -0.018360 -0.002006 0.000000 0.018081 0.995175 -0.096440 15.169400 0.003767 0.096387 0.995337 0.000000 0.000000 0.000000 0.000000 1.000000
0.999886 -0.013393 -0.006956 -0.000000 0.012671 0.995388 -0.095090 15.169400 0.008197 0.094992 0.995444 -0.000000 0.000000 0.000000 0.000000 1.000000
0.999964 0.001567 -0.008371 0.000000 -0.002408 0.994846 -0.101369 15.169400 0.008169 0.101385 0.994814 0.000000 0.000000 0.000000 0.000000 1.000000
0.999611 0.027461 -0.004915 -0.000000 -0.027828 0.993966 -0.106098 15.169400 0.001972 0.106194 0.994343 0.000000 0.000000 0.000000 0.000000 1.000000
0.999208 0.039796 -0.000710 0.000000 -0.039647 0.993567 -0.106076 15.169400 -0.003516 0.106020 0.994358 0.000000 0.000000 0.000000 0.000000 1.000000
0.998802 0.048724 0.004591 -0.000000 -0.047943 0.992977 -0.108159 15.169400 -0.009829 0.107810 0.994123 0.000000 0.000000 0.000000 0.000000 1.000000
0.998459 0.054127 0.012274 0.000000 -0.052470 0.992641 -0.109134 15.169400 -0.018091 0.108321 0.993951 0.000000 0.000000 0.000000 0.000000 1.000000
0.998561 0.049282 0.021154 -0.000000 -0.046728 0.993076 -0.107781 15.169400 -0.026319 0.106638 0.993950 0.000000 0.000000 0.000000 0.000000 1.000000
0.998819 0.038413 0.029761 0.000000 -0.034943 0.993379 -0.109441 15.169400 -0.033768 0.108272 0.993548 -0.000000 0.000000 0.000000 0.000000 1.000000
0.998815 0.030143 0.038206 0.000000 -0.025561 0.993011 -0.115221 15.169400 -0.041412 0.114108 0.992605 0.000000 0.000000 0.000000 0.000000 1.000000
0.998633 0.023103 0.046880 0.000000 -0.017306 0.992562 -0.120503 15.169400 -0.049315 0.119527 0.991605 0.000000 0.000000 0.000000 0.000000 1.000000
0.998264 0.018197 0.056024 0.000000 -0.011292 0.992566 -0.121180 15.169400 -0.057813 0.120337 0.991048 0.000000 0.000000 0.000000 0.000000 1.000000
0.997663 0.020207 0.065268 0.000000 -0.012349 0.992861 -0.118636 15.169400 -0.067200 0.117553 0.990790 0.000000 0.000000 0.000000 0.000000 1.000000
0.996765 0.029845 0.074629 0.000000 -0.021066 0.993053 -0.115770 15.169400 -0.077566 0.113824 0.990468 0.000000 0.000000 0.000000 0.000000 1.000000
0.995765 0.039117 0.083200 -0.000000 -0.029503 0.993067 -0.113790 15.169400 -0.087074 0.110854 0.990015 0.000000 0.000000 0.000000 0.000000 1.000000
0.995090 0.042326 0.089465 0.000000 -0.032353 0.993391 -0.110123 15.169400 -0.093535 0.106688 0.989883 0.000000 0.000000 0.000000 0.000000 1.000000
0.994896 0.039709 0.092767 0.000000 -0.029931 0.994072 -0.104521 15.169400 -0.096368 0.101211 0.990187 0.000000 0.000000 0.000000 0.000000 1.000000
0.995083 0.032214 0.093664 0.000000 -0.022705 0.994640 -0.100873 15.169400 -0.096412 0.098250 0.990481 0.000000 0.000000 0.000000 0.000000 1.000000
0.995793 0.009143 0.091175 0.000000 0.000533 0.994415 -0.105535 15.169400 -0.091630 0.105139 0.990227 0.000000 0.000000 0.000000 0.000000 1.000000
0.996140 -0.002765 0.087730 0.000000 0.012306 0.994031 -0.108399 15.169400 -0.086907 0.109060 0.990229 0.000000 0.000000 0.000000 0.000000 1.000000
0.996605 -0.014104 0.081115 -0.000000 0.022979 0.993717 -0.109536 15.169400 -0.079060 0.111028 0.990668 0.000000 0.000000 0.000000 0.000000 1.000000
0.997224 -0.023376 0.070695 0.000000 0.030858 0.993817 -0.106659 15.169400 -0.067765 0.108545 0.991779 0.000000 0.000000 0.000000 0.000000 1.000000
0.997990 -0.023150 0.058997 0.000000 0.029203 0.994161 -0.103882 15.169400 -0.056248 0.105396 0.992838 0.000000 0.000000 0.000000 0.000000 1.000000
0.998718 -0.014904 0.048378 0.000000 0.019895 0.994339 -0.104374 15.169400 -0.046548 0.105203 0.993361 -0.000000 0.000000 0.000000 0.000000 1.000000
0.999165 -0.004138 0.040648 -0.000000 0.008372 0.994483 -0.104560 15.169400 -0.039991 0.104813 0.993688 0.000000 0.000000 0.000000 0.000000 1.000000
0.999301 0.004142 0.037153 0.000000 -0.000371 0.994893 -0.100933 15.169400 -0.037381 0.100849 0.994199 0.000000 0.000000 0.000000 0.000000 1.000000</float_array>
        <technique_common>
          <accessor source="#mixamorig12_Neck-Matrix-animation-output-transform-array" count="32" stride="16">
            <param type="float4x4"/>
          </accessor>
        </technique_common>
      </source>
      <source id="mixamorig12_Neck-Interpolations">
        <Name_array id="mixamorig12_Neck-Interpolations-array" count="32">
 LINEAR LINEAR LINEAR LINEAR LINEAR LINEAR LINEAR LINEAR LINEAR LINEAR LINEAR
LINEAR LINEAR LINEAR LINEAR LINEAR LINEAR LINEAR LINEAR LINEAR LINEAR LINEAR LINEAR
LINEAR LINEAR LINEAR LINEAR LINEAR LINEAR LINEAR LINEAR LINEAR</Name_array>
        <technique_common>
          <accessor source="#mixamorig12_Neck-Interpolations-array" count="32">
            <param type="name"/>
          </accessor>
        </technique_common>
      </source>
      <sampler id="mixamorig12_Neck-Matrix-animation-transform">
        <input semantic="INPUT" source="#mixamorig12_Neck-Matrix-animation-input"/>
        <input semantic="OUTPUT" source="#mixamorig12_Neck-Matrix-animation-output-transform"/>
        <input semantic="INTERPOLATION" source="#mixamorig12_Neck-Interpolations"/>
      </sampler>
      <channel source="#mixamorig12_Neck-Matrix-animation-transform" target="mixamorig12_Neck/matrix"/>
    </animation>
    <animation id="mixamorig12_Head-anim" name="mixamorig12_Head">
      <source id="mixamorig12_Head-Matrix-animation-input">
        <float_array id="mixamorig12_Head-Matrix-animation-input-array" count="32">

0.000000 0.033333 0.066667 0.100000 0.133333 0.166667 0.200000 0.233333 0.266667 0.300000 0.333333 0.366667 0.400000 0.433333 0.466667 0.500000
0.533333 0.566667 0.600000 0.633333 0.666667 0.700000 0.733333 0.766667 0.800000 0.833333 0.866667 0.900000 0.933333 0.966667 1.000000 1.033333</float_array>
        <technique_common>
          <accessor source="#mixamorig12_Head-Matrix-animation-input-array" count="32">
            <param name="TIME" type="float"/>
          </accessor>
        </technique_common>
      </source>
      <source id="mixamorig12_Head-Matrix-animation-output-transform">
        <float_array id="mixamorig12_Head-Matrix-animation-output-transform-array" count="512">

0.999296 0.003778 0.037328 -0.000000 -0.004081 0.999959 0.008039 7.383900 -0.037296 -0.008186 0.999271 2.849900 0.000000 0.000000 0.000000 1.000000
0.999442 0.005482 0.032961 0.000000 -0.005732 0.999955 0.007507 7.383900 -0.032918 -0.007692 0.999428 2.849900 0.000000 0.000000 0.000000 1.000000
0.999618 0.004298 0.027311 -0.000000 -0.004546 0.999949 0.009022 7.383900 -0.027271 -0.009143 0.999586 2.849900 0.000000 0.000000 0.000000 1.000000
0.999793 -0.003075 0.020118 0.000000 0.002862 0.999940 0.010592 7.383900 -0.020150 -0.010532 0.999741 2.849900 0.000000 0.000000 0.000000 1.000000
0.999854 -0.011781 0.012356 -0.000000 0.011653 0.999878 0.010374 7.383900 -0.012476 -0.010228 0.999870 2.849900 0.000000 0.000000 0.000000 1.000000
0.999879 -0.014631 0.005365 0.000000 0.014573 0.999838 0.010572 7.383900 -0.005519 -0.010493 0.999930 2.849900 0.000000 0.000000 0.000000 1.000000
0.999919 -0.012706 -0.000825 -0.000000 0.012716 0.999830 0.013384 7.383900 0.000655 -0.013393 0.999910 2.849900 0.000000 0.000000 0.000000 1.000000
0.999943 -0.008833 -0.006023 0.000000 0.008918 0.999859 0.014249 7.383900 0.005896 -0.014302 0.999880 2.849900 0.000000 0.000000 0.000000 1.000000
0.999964 0.002126 -0.008257 0.000000 -0.002055 0.999961 0.008623 7.383900 0.008275 -0.008606 0.999929 2.849900 0.000000 0.000000 0.000000 1.000000
0.999753 0.021387 -0.006092 -0.000000 -0.021354 0.999757 0.005425 7.383900 0.006206 -0.005293 0.999967 2.849900 0.000000 0.000000 0.000000 1.000000
0.999485 0.032015 -0.002175 0.000000 -0.032001 0.999469 0.006154 7.383900 0.002371 -0.006081 0.999979 2.849900 0.000000 0.000000 0.000000 1.000000
0.999185 0.040242 0.003035 -0.000000 -0.040257 0.999177 0.004929 7.383900 -0.002834 -0.005047 0.999983 2.849900 0.000000 0.000000 0.000000 1.000000
0.998918 0.045269 0.010637 0.000000 -0.045315 0.998964 0.004150 7.383900 -0.010438 -0.004627 0.999935 2.849900 0.000000 0.000000 0.000000 1.000000
0.998954 0.041320 0.019597 -0.000000 -0.041412 0.999133 0.004293 7.383900 -0.019402 -0.005100 0.999799 2.849900 0.000000 0.000000 0.000000 1.000000
0.999061 0.032607 0.028527 -0.000000 -0.032657 0.999466 0.001270 7.383900 -0.028471 -0.002200 0.999592 2.849900 0.000000 0.000000 0.000000 1.000000
0.998956 0.026409 0.037276 0.000000 -0.026240 0.999643 -0.005017 7.383900 -0.037395 0.004034 0.999292 2.849900 0.000000 0.000000 0.000000 1.000000
0.998688 0.021812 0.046335 0.000000 -0.021350 0.999718 -0.010439 7.383900 -0.046550 0.009436 0.998871 2.849900 0.000000 0.000000 0.000000 1.000000
0.998260 0.018931 0.055845 0.000000 -0.018301 0.999763 -0.011772 7.383900 -0.056054 0.010730 0.998370 2.849900 0.000000 0.000000 0.000000 1.000000
0.997663 0.020821 0.065078 0.000000 -0.020234 0.999748 -0.009678 7.383900 -0.065263 0.008339 0.997833 2.849900 0.000000 0.000000 0.000000 1.000000
0.996851 0.028377 0.074042 -0.000000 -0.027985 0.999588 -0.006323 7.383900 -0.074191 0.004231 0.997235 2.849900 0.000000 0.000000 0.000000 1.000000
0.995962 0.035896 0.082284 -0.000000 -0.035722 0.999355 -0.003586 7.383900 -0.082359 0.000632 0.996603 2.849900 0.000000 0.000000 0.000000 1.000000
0.995338 0.038307 0.088513 0.000000 -0.038506 0.999258 0.000545 7.383900 -0.088426 -0.003951 0.996075 2.849900 0.000000 0.000000 0.000000 1.000000
0.995116 0.035704 0.092031 0.000000 -0.036413 0.999319 0.006030 7.383900 -0.091753 -0.009352 0.995738 2.849900 0.000000 0.000000 0.000000 1.000000
0.995183 0.029849 0.093383 0.000000 -0.030807 0.999486 0.008835 7.383900 -0.093071 -0.011669 0.995591 2.849900 0.000000 0.000000 0.000000 1.000000
0.995661 0.013268 0.092105 0.000000 -0.013670 0.999900 0.003731 7.383900 -0.092046 -0.004974 0.995742 2.849900 0.000000 0.000000 0.000000 1.000000
