<?xml version="1.0" encoding="utf-8"?>
<COLLADA xmlns="http://www.collada.org/2005/11/COLLADASchema" version="1.4.1">
  <asset>
    <contributor>
      <author>Mixamo</author>
      <authoring_tool>COLLADA Mixamo exporter</authoring_tool>
      <comments/>
    </contributor>
    <created>2025-06-01T04:43:55Z</created>
    <modified>2025-06-01T04:43:55Z</modified>
    <revision/>
    <title/>
    <unit meter="0.010000"/>
    <up_axis>Y_UP</up_axis>
  </asset>
  <library_animations>
    <animation id="mixamorig12_Hips-anim" name="mixamorig12_Hips">
      <source id="mixamorig12_Hips-Matrix-animation-input">
        <float_array id="mixamorig12_Hips-Matrix-animation-input-array" count="37">

0.000000 0.033333 0.066667 0.100000 0.133333 0.166667 0.200000 0.233333 0.266667 0.300000 0.333333 0.366667 0.400000 0.433333 0.466667 0.500000
0.533333 0.566667 0.600000 0.633333 0.666667 0.700000 0.733333 0.766667 0.800000 0.833333 0.866667 0.900000 0.933333 0.966667 1.000000 1.033333
1.066667 1.100000 1.133333 1.166667 1.200000</float_array>
        <technique_common>
          <accessor source="#mixamorig12_Hips-Matrix-animation-input-array" count="37">
            <param name="TIME" type="float"/>
          </accessor>
        </technique_common>
      </source>
      <source id="mixamorig12_Hips-Matrix-animation-output-transform">
        <float_array id="mixamorig12_Hips-Matrix-animation-output-transform-array" count="592">

0.999437 -0.016222 0.029379 -0.007831 0.012381 0.991888 0.126508 95.947334 -0.031193 -0.126073 0.991530 -0.032748 0.000000 0.000000 0.000000 1.000000
0.998409 -0.020581 0.052489 -0.197347 0.013082 0.990148 0.139411 95.652702 -0.054841 -0.138503 0.988842 0.995071 0.000000 0.000000 0.000000 1.000000
0.996959 -0.016639 0.076128 -0.316296 0.004912 0.988412 0.151718 94.984863 -0.077771 -0.150883 0.985488 1.916906 0.000000 0.000000 0.000000 1.000000
0.995110 -0.008513 0.098403 -0.358229 -0.007709 0.986545 0.163307 94.141991 -0.098469 -0.163267 0.981656 2.747295 0.000000 0.000000 0.000000 1.000000
0.993027 -0.002283 0.117862 -0.325752 -0.018475 0.984444 0.174723 93.387955 -0.116427 -0.175682 0.977538 3.464258 0.000000 0.000000 0.000000 1.000000
0.990652 -0.001234 0.136405 -0.201303 -0.024261 0.982422 0.185088 92.767876 -0.134236 -0.186667 0.973209 3.945305 0.000000 0.000000 0.000000 1.000000
0.987554 -0.005956 0.157165 0.058239 -0.024356 0.981436 0.190238 92.230240 -0.155381 -0.191699 0.969076 3.940857 0.000000 0.000000 0.000000 1.000000
0.983703 -0.015096 0.179166 0.477277 -0.018907 0.982260 0.186570 91.889214 -0.178804 -0.186917 0.965966 3.277966 0.000000 0.000000 0.000000 1.000000
0.979845 -0.026905 0.197941 1.047266 -0.008328 0.984525 0.175046 91.734276 -0.199587 -0.173167 0.964458 1.995330 0.000000 0.000000 0.000000 1.000000
0.976498 -0.044418 0.210900 1.670208 0.009735 0.986624 0.162720 91.590042 -0.215307 -0.156843 0.963869 0.337922 0.000000 0.000000 0.000000 1.000000
0.973908 -0.071294 0.215455 2.212498 0.037500 0.986878 0.157052 91.335793 -0.223825 -0.144874 0.963802 -1.291413 0.000000 0.000000 0.000000 1.000000
0.972595 -0.097741 0.210966 2.697728 0.065909 0.986030 0.152976 91.058350 -0.222971 -0.134879 0.965449 -2.675731 0.000000 0.000000 0.000000 1.000000
0.973866 -0.108803 0.199364 3.176667 0.081061 0.986484 0.142403 91.174545 -0.212163 -0.122521 0.969523 -3.776450 0.000000 0.000000 0.000000 1.000000
0.980919 -0.089860 0.172402 3.760607 0.067311 0.988900 0.132459 92.128548 -0.182391 -0.118327 0.976080 -4.509961 0.000000 0.000000 0.000000 1.000000
0.990874 -0.044350 0.127288 4.435005 0.027395 0.990872 0.131990 93.742401 -0.131980 -0.127298 0.983045 -4.729023 0.000000 0.000000 0.000000 1.000000
0.996501 -0.003953 0.083492 4.921241 -0.007486 0.990646 0.136253 95.285286 -0.083249 -0.136401 0.987150 -4.399158 0.000000 0.000000 0.000000 1.000000
0.998465 0.021589 0.051003 5.148611 -0.028568 0.989693 0.140325 96.302422 -0.047448 -0.141567 0.988791 -3.722341 0.000000 0.000000 0.000000 1.000000
0.998781 0.043140 0.023989 5.255444 -0.046209 0.988047 0.147064 96.787361 -0.017358 -0.147993 0.988836 -2.872047 0.000000 0.000000 0.000000 1.000000
0.998199 0.059993 0.000129 5.282968 -0.059286 0.986095 0.155251 96.868851 0.009187 -0.154979 0.987875 -1.954592 0.000000 0.000000 0.000000 1.000000
0.997528 0.067530 -0.019442 5.215203 -0.063502 0.984717 0.162172 96.591736 0.030097 -0.160536 0.986571 -1.030838 0.000000 0.000000 0.000000 1.000000
0.997262 0.065325 -0.034651 5.094917 -0.058593 0.983939 0.168613 96.025063 0.045109 -0.166121 0.985073 -0.100872 0.000000 0.000000 0.000000 1.000000
0.997261 0.057135 -0.046977 4.973069 -0.048124 0.983474 0.174536 95.350037 0.056173 -0.171797 0.983529 0.820000 0.000000 0.000000 0.000000 1.000000
0.997012 0.047380 -0.061014 4.844946 -0.035812 0.983308 0.178389 94.634445 0.068448 -0.175671 0.982067 1.620752 0.000000 0.000000 0.000000 1.000000
0.995970 0.039654 -0.080449 4.692861 -0.024833 0.983808 0.177495 93.816025 0.086185 -0.174782 0.980828 2.112022 0.000000 0.000000 0.000000 1.000000
0.994036 0.036792 -0.102657 4.480366 -0.018793 0.985078 0.171077 92.994049 0.107419 -0.168127 0.979895 2.211875 0.000000 0.000000 0.000000 1.000000
0.991734 0.041640 -0.121366 4.213721 -0.021539 0.986481 0.162455 92.372383 0.126490 -0.158498 0.979224 1.989071 0.000000 0.000000 0.000000 1.000000
0.989653 0.056763 -0.131775 3.949155 -0.036543 0.987846 0.151080 91.895744 0.138749 -0.144702 0.979699 1.402884 0.000000 0.000000 0.000000 1.000000
0.987036 0.083621 -0.136991 3.678497 -0.065035 0.988717 0.134944 91.387085 0.146730 -0.124285 0.981338 0.332426 0.000000 0.000000 0.000000 1.000000
0.982605 0.118073 -0.143339 3.350021 -0.101334 0.987715 0.118959 90.955757 0.155624 -0.102365 0.982498 -1.034239 0.000000 0.000000 0.000000 1.000000
0.977642 0.149262 -0.148109 2.983388 -0.134569 0.985351 0.104756 90.698395 0.161575 -0.082483 0.983407 -2.357253 0.000000 0.000000 0.000000 1.000000
0.975624 0.164977 -0.144707 2.632277 -0.152892 0.984038 0.091069 90.829338 0.157422 -0.066725 0.985275 -3.459788 0.000000 0.000000 0.000000 1.000000
0.979523 0.155961 -0.127321 2.261919 -0.146025 0.985707 0.084015 91.612114 0.138604 -0.063703 0.988297 -4.132366 0.000000 0.000000 0.000000 1.000000
0.986728 0.128567 -0.099192 1.795303 -0.120326 0.989086 0.085035 92.740631 0.109042 -0.071971 0.991428 -4.097706 0.000000 0.000000 0.000000 1.000000
0.993412 0.093205 -0.066667 1.283849 -0.086998 0.992077 0.090631 93.822174 0.074586 -0.084234 0.993651 -3.415628 0.000000 0.000000 0.000000 1.000000
0.998003 0.054119 -0.032570 0.817712 -0.050622 0.993698 0.100004 94.831940 0.037777 -0.098156 0.994454 -2.402968 0.000000 0.000000 0.000000 1.000000
0.999868 0.016237 0.000232 0.394862 -0.016159 0.993514 0.112554 95.622429 0.001597 -0.112542 0.993646 -1.237934 0.000000 0.000000 0.000000 1.000000
0.999437 -0.016222 0.029379 -0.007829 0.012381 0.991888 0.126509 95.947342 -0.031193 -0.126074 0.991530 -0.032747 0.000000 0.000000 0.000000 1.000000</float_array>
        <technique_common>
          <accessor source="#mixamorig12_Hips-Matrix-animation-output-transform-array" count="37" stride="16">
            <param type="float4x4"/>
          </accessor>
        </technique_common>
      </source>
      <source id="mixamorig12_Hips-Interpolations">
        <Name_array id="mixamorig12_Hips-Interpolations-array" count="37">
 LINEAR LINEAR LINEAR LINEAR LINEAR LINEAR LINEAR LINEAR LINEAR LINEAR LINEAR
LINEAR LINEAR LINEAR LINEAR LINEAR LINEAR LINEAR LINEAR LINEAR LINEAR LINEAR LINEAR
LINEAR LINEAR LINEAR LINEAR LINEAR LINEAR LINEAR LINEAR LINEAR LINEAR LINEAR LINEAR
LINEAR LINEAR</Name_array>
        <technique_common>
          <accessor source="#mixamorig12_Hips-Interpolations-array" count="37">
            <param type="name"/>
          </accessor>
        </technique_common>
      </source>
      <sampler id="mixamorig12_Hips-Matrix-animation-transform">
        <input semantic="INPUT" source="#mixamorig12_Hips-Matrix-animation-input"/>
        <input semantic="OUTPUT" source="#mixamorig12_Hips-Matrix-animation-output-transform"/>
        <input semantic="INTERPOLATION" source="#mixamorig12_Hips-Interpolations"/>
      </sampler>
      <channel source="#mixamorig12_Hips-Matrix-animation-transform" target="mixamorig12_Hips/matrix"/>
    </animation>
    <animation id="mixamorig12_Spine-anim" name="mixamorig12_Spine">
      <source id="mixamorig12_Spine-Matrix-animation-input">
        <float_array id="mixamorig12_Spine-Matrix-animation-input-array" count="37">

0.000000 0.033333 0.066667 0.100000 0.133333 0.166667 0.200000 0.233333 0.266667 0.300000 0.333333 0.366667 0.400000 0.433333 0.466667 0.500000
0.533333 0.566667 0.600000 0.633333 0.666667 0.700000 0.733333 0.766667 0.800000 0.833333 0.866667 0.900000 0.933333 0.966667 1.000000 1.033333
1.066667 1.100000 1.133333 1.166667 1.200000</float_array>
        <technique_common>
          <accessor source="#mixamorig12_Spine-Matrix-animation-input-array" count="37">
            <param name="TIME" type="float"/>
          </accessor>
        </technique_common>
      </source>
      <source id="mixamorig12_Spine-Matrix-animation-output-transform">
        <float_array id="mixamorig12_Spine-Matrix-animation-output-transform-array" count="592">

0.996588 -0.004267 0.082424 0.000000 0.015330 0.990855 -0.134059 10.052400 -0.081098 0.134866 0.987540 -1.105100 0.000000 0.000000 0.000000 1.000000
0.998052 -0.010169 0.061546 0.000000 0.017636 0.992371 -0.122020 10.052400 -0.059836 0.122868 0.990618 -1.105100 0.000000 0.000000 0.000000 1.000000
0.999236 -0.024885 0.030120 -0.000000 0.028047 0.993584 -0.109568 10.052400 -0.027201 0.110329 0.993523 -1.105100 0.000000 0.000000 0.000000 1.000000
0.999233 -0.038516 -0.007098 0.000000 0.037633 0.994447 -0.098283 10.052400 0.010844 0.097940 0.995133 -1.105100 0.000000 0.000000 0.000000 1.000000
0.997850 -0.047005 -0.045676 0.000000 0.042710 0.994948 -0.090850 10.052400 0.049716 0.088704 0.994817 -1.105100 0.000000 0.000000 0.000000 1.000000
0.994840 -0.045496 -0.090680 0.000000 0.037630 0.995528 -0.086647 10.052400 0.094217 0.082788 0.992104 -1.105100 0.000000 0.000000 0.000000 1.000000
0.990737 -0.038127 -0.130336 0.000000 0.026728 0.995752 -0.088116 10.052400 0.133142 0.083816 0.987546 -1.105100 0.000000 0.000000 0.000000 1.000000
0.987251 -0.027561 -0.156769 0.000000 0.012360 0.995195 -0.097126 10.052400 0.158692 0.093950 0.982848 -1.105100 0.000000 0.000000 0.000000 1.000000
0.984631 -0.014776 -0.174024 -0.000000 -0.004188 0.994131 -0.108105 10.052400 0.174600 0.107172 0.978790 -1.105100 0.000000 0.000000 0.000000 1.000000
0.982943 -0.001902 -0.183898 0.000000 -0.021558 0.991862 -0.125483 10.052400 0.182640 0.127307 0.974903 -1.105100 0.000000 0.000000 0.000000 1.000000
0.980301 0.035156 -0.194357 -0.000000 -0.063837 0.987613 -0.143338 10.052400 0.186911 0.152922 0.970402 -1.105100 0.000000 0.000000 0.000000 1.000000
0.977708 0.068013 -0.198651 -0.000000 -0.100920 0.981857 -0.160537 10.052400 0.184128 0.177007 0.966833 -1.105100 0.000000 0.000000 0.000000 1.000000
0.974776 0.092569 -0.203084 0.000000 -0.127129 0.978179 -0.164332 10.052400 0.183440 0.186005 0.965273 -1.105100 0.000000 0.000000 0.000000 1.000000
0.978202 0.081966 -0.190793 0.000000 -0.115613 0.978199 -0.172512 10.052400 0.172494 0.190810 0.966353 -1.105100 0.000000 0.000000 0.000000 1.000000
0.989290 0.032138 -0.142384 0.000000 -0.059509 0.979515 -0.192378 10.052400 0.133285 0.198791 0.970936 -1.105100 0.000000 0.000000 0.000000 1.000000
0.994647 -0.001027 -0.103326 0.000000 -0.019356 0.980399 -0.196071 10.052400 0.101503 0.197021 0.975131 -1.105100 0.000000 0.000000 0.000000 1.000000
0.997101 -0.017232 -0.074108 0.000000 0.002804 0.981676 -0.190539 10.052400 0.076034 0.189779 0.978878 -1.105100 0.000000 0.000000 0.000000 1.000000
0.998778 -0.026922 -0.041453 0.000000 0.019021 0.983412 -0.180387 10.052400 0.045622 0.179378 0.982722 -1.105100 0.000000 0.000000 0.000000 1.000000
0.999414 -0.032080 -0.011971 -0.000000 0.029576 0.984948 -0.170303 10.052400 0.017254 0.169849 0.985319 -1.105100 0.000000 0.000000 0.000000 1.000000
0.999455 -0.027669 0.017988 -0.000000 0.030150 0.987184 -0.156712 10.052400 -0.013421 0.157169 0.987481 -1.105100 0.000000 0.000000 0.000000 1.000000
0.998781 -0.015279 0.046934 0.000000 0.021903 0.989329 -0.144040 10.052400 -0.044233 0.144892 0.988458 -1.105100 0.000000 0.000000 0.000000 1.000000
0.996799 -0.001412 0.079940 -0.000000 0.011889 0.991347 -0.130729 10.052400 -0.079064 0.131261 0.988190 -1.105100 0.000000 0.000000 0.000000 1.000000
0.992799 0.011571 0.119234 -0.000000 0.002431 0.993173 -0.116625 10.052400 -0.119769 0.116075 0.985993 -1.105100 0.000000 0.000000 0.000000 1.000000
0.985997 0.021429 0.165380 0.000000 -0.003869 0.994382 -0.105776 10.052400 -0.166718 0.103655 0.980541 -1.105100 0.000000 0.000000 0.000000 1.000000
0.976789 0.026253 0.212591 0.000000 -0.005309 0.995123 -0.098494 10.052400 -0.214140 0.095079 0.972165 -1.105100 0.000000 0.000000 0.000000 1.000000
0.969319 0.022588 0.244766 -0.000000 0.001552 0.995186 -0.097988 10.052400 -0.245801 0.095362 0.964618 -1.105100 0.000000 0.000000 0.000000 1.000000
0.962788 0.003524 0.270235 -0.000000 0.023657 0.994978 -0.097260 10.052400 -0.269221 0.100033 0.957869 -1.105100 0.000000 0.000000 0.000000 1.000000
0.957608 -0.031558 0.286339 0.000000 0.062605 0.993023 -0.099928 10.052400 -0.281188 0.113618 0.952903 -1.105100 0.000000 0.000000 0.000000 1.000000
0.950956 -0.076725 0.299659 0.000000 0.112407 0.988237 -0.103690 10.052400 -0.288179 0.132289 0.948395 -1.105100 0.000000 0.000000 0.000000 1.000000
0.945497 -0.117883 0.303545 -0.000000 0.156626 0.981895 -0.106542 10.052400 -0.285490 0.148278 0.946842 -1.105100 0.000000 0.000000 0.000000 1.000000
0.939348 -0.152942 0.306976 0.000000 0.193066 0.975581 -0.104729 10.052400 -0.283462 0.157643 0.945938 -1.105100 0.000000 0.000000 0.000000 1.000000
0.946287 -0.148152 0.287389 0.000000 0.189134 0.974545 -0.120373 10.052400 -0.262240 0.168262 0.950220 -1.105100 0.000000 0.000000 0.000000 1.000000
0.963432 -0.118260 0.240443 -0.000000 0.154083 0.978645 -0.136060 10.052400 -0.219217 0.168133 0.961080 -1.105100 0.000000 0.000000 0.000000 1.000000
0.977116 -0.082191 0.196186 0.000000 0.110963 0.983846 -0.140480 10.052400 -0.181471 0.159035 0.970452 -1.105100 0.000000 0.000000 0.000000 1.000000
0.985496 -0.053323 0.161102 -0.000000 0.076109 0.987397 -0.138761 10.052400 -0.151672 0.149010 0.977134 -1.105100 0.000000 0.000000 0.000000 1.000000
0.992292 -0.025840 0.121198 0.000000 0.042490 0.989677 -0.136876 10.052400 -0.116410 0.140970 0.983146 -1.105100 0.000000 0.000000 0.000000 1.000000
0.996588 -0.004267 0.082424 0.000000 0.015330 0.990855 -0.134059 10.052400 -0.081098 0.134866 0.987540 -1.105100 0.000000 0.000000 0.000000 1.000000</float_array>
        <technique_common>
          <accessor source="#mixamorig12_Spine-Matrix-animation-output-transform-array" count="37" stride="16">
            <param type="float4x4"/>
          </accessor>
        </technique_common>
      </source>
      <source id="mixamorig12_Spine-Interpolations">
        <Name_array id="mixamorig12_Spine-Interpolations-array" count="37">
 LINEAR LINEAR LINEAR LINEAR LINEAR LINEAR LINEAR LINEAR LINEAR LINEAR LINEAR
LINEAR LINEAR LINEAR LINEAR LINEAR LINEAR LINEAR LINEAR LINEAR LINEAR LINEAR LINEAR
LINEAR LINEAR LINEAR LINEAR LINEAR LINEAR LINEAR LINEAR LINEAR LINEAR LINEAR LINEAR
LINEAR LINEAR</Name_array>
        <technique_common>
          <accessor source="#mixamorig12_Spine-Interpolations-array" count="37">
            <param type="name"/>
          </accessor>
        </technique_common>
      </source>
      <sampler id="mixamorig12_Spine-Matrix-animation-transform">
        <input semantic="INPUT" source="#mixamorig12_Spine-Matrix-animation-input"/>
        <input semantic="OUTPUT" source="#mixamorig12_Spine-Matrix-animation-output-transform"/>
        <input semantic="INTERPOLATION" source="#mixamorig12_Spine-Interpolations"/>
      </sampler>
      <channel source="#mixamorig12_Spine-Matrix-animation-transform" target="mixamorig12_Spine/matrix"/>
    </animation>
    <animation id="mixamorig12_Spine1-anim" name="mixamorig12_Spine1">
      <source id="mixamorig12_Spine1-Matrix-animation-input">
        <float_array id="mixamorig12_Spine1-Matrix-animation-input-array" count="37">

0.000000 0.033333 0.066667 0.100000 0.133333 0.166667 0.200000 0.233333 0.266667 0.300000 0.333333 0.366667 0.400000 0.433333 0.466667 0.500000
0.533333 0.566667 0.600000 0.633333 0.666667 0.700000 0.733333 0.766667 0.800000 0.833333 0.866667 0.900000 0.933333 0.966667 1.000000 1.033333
1.066667 1.100000 1.133333 1.166667 1.200000</float_array>
        <technique_common>
          <accessor source="#mixamorig12_Spine1-Matrix-animation-input-array" count="37">
            <param name="TIME" type="float"/>
          </accessor>
        </technique_common>
      </source>
      <source id="mixamorig12_Spine1-Matrix-animation-output-transform">
        <float_array id="mixamorig12_Spine1-Matrix-animation-output-transform-array" count="592">

0.999582 0.006747 0.028124 -0.000000 -0.002815 0.990488 -0.137574 11.798400 -0.028785 0.137437 0.990092 0.000000 0.000000 0.000000 0.000000 1.000000
0.999719 0.005860 0.022951 0.000000 -0.002668 0.990604 -0.136738 11.798400 -0.023536 0.136639 0.990341 -0.000000 0.000000 0.000000 0.000000 1.000000
0.999875 0.003325 0.015448 -0.000000 -0.001185 0.990636 -0.136522 11.798400 -0.015757 0.136486 0.990517 0.000000 0.000000 0.000000 0.000000 1.000000
0.999976 0.001183 0.006880 0.000000 -0.000233 0.990641 -0.136492 11.798400 -0.006978 0.136487 0.990617 0.000000 0.000000 0.000000 0.000000 1.000000
0.999999 -0.000370 -0.001454 0.000000 0.000167 0.990553 -0.137131 11.798400 0.001491 0.137130 0.990552 0.000000 0.000000 0.000000 0.000000 1.000000
0.999942 -0.000819 -0.010780 0.000000 -0.000679 0.990402 -0.138216 11.798400 0.010790 0.138215 0.990343 0.000000 0.000000 0.000000 0.000000 1.000000
0.999816 -0.000636 -0.019159 0.000000 -0.002041 0.990238 -0.139374 11.798400 0.019060 0.139388 0.990054 0.000000 0.000000 0.000000 0.000000 1.000000
0.999691 0.000488 -0.024849 0.000000 -0.003967 0.990122 -0.140155 11.798400 0.024535 0.140210 0.989818 -0.000000 0.000000 0.000000 0.000000 1.000000
0.999602 0.001398 -0.028177 0.000000 -0.005318 0.990202 -0.139544 11.798400 0.027706 0.139638 0.989815 0.000000 0.000000 0.000000 0.000000 1.000000
0.999584 -0.000571 -0.028821 0.000000 -0.003431 0.990339 -0.138625 11.798400 0.028622 0.138667 0.989925 0.000000 0.000000 0.000000 0.000000 1.000000
0.999631 -0.006125 -0.026470 -0.000000 0.002332 0.990004 -0.141023 11.798400 0.027069 0.140909 0.989652 0.000000 0.000000 0.000000 0.000000 1.000000
0.999701 -0.009815 -0.022379 0.000000 0.006514 0.989690 -0.143080 11.798400 0.023553 0.142891 0.989458 0.000000 0.000000 0.000000 0.000000 1.000000
0.999746 -0.012351 -0.018874 0.000000 0.009529 0.989689 -0.142918 11.798400 0.020444 0.142702 0.989555 0.000000 0.000000 0.000000 0.000000 1.000000
0.999785 -0.012990 -0.016158 -0.000000 0.010559 0.989758 -0.142367 11.798400 0.017842 0.142165 0.989682 0.000000 0.000000 0.000000 0.000000 1.000000
0.999888 -0.009844 -0.011264 -0.000000 0.008141 0.989783 -0.142352 11.798400 0.012551 0.142244 0.989752 0.000000 0.000000 0.000000 0.000000 1.000000
0.999955 -0.007094 -0.006297 0.000000 0.006126 0.989819 -0.142199 11.798400 0.007242 0.142154 0.989818 -0.000000 0.000000 0.000000 0.000000 1.000000
0.999972 -0.007488 -0.000780 0.000000 0.007302 0.989935 -0.141334 11.798400 0.001830 0.141324 0.989962 0.000000 0.000000 0.000000 0.000000 1.000000
0.999952 -0.007827 0.005939 -0.000000 0.008581 0.990119 -0.139966 11.798400 -0.004785 0.140011 0.990138 0.000000 0.000000 0.000000 0.000000 1.000000
0.999883 -0.009067 0.012321 0.000000 0.010695 0.990191 -0.139313 11.798400 -0.010937 0.139428 0.990172 -0.000000 0.000000 0.000000 0.000000 1.000000
0.999775 -0.009118 0.019159 0.000000 0.011676 0.990367 -0.137974 11.798400 -0.017717 0.138167 0.990251 0.000000 0.000000 0.000000 0.000000 1.000000
0.999633 -0.007735 0.025945 0.000000 0.011243 0.990381 -0.137912 11.798400 -0.024629 0.138153 0.990105 0.000000 0.000000 0.000000 0.000000 1.000000
0.999424 -0.005435 0.033499 0.000000 0.010025 0.990325 -0.138408 11.798400 -0.032422 0.138664 0.989809 0.000000 0.000000 0.000000 0.000000 1.000000
0.999111 -0.002442 0.042082 -0.000000 0.008239 0.990378 -0.138142 11.798400 -0.041339 0.138366 0.989518 0.000000 0.000000 0.000000 0.000000 1.000000
0.998641 0.000027 0.052112 0.000000 0.007107 0.990587 -0.136699 11.798400 -0.051625 0.136883 0.989241 0.000000 0.000000 0.000000 0.000000 1.000000
0.998065 0.001045 0.062176 0.000000 0.007300 0.990977 -0.133832 11.798400 -0.061755 0.134027 0.989052 0.000000 0.000000 0.000000 0.000000 1.000000
0.997610 0.002176 0.069067 -0.000000 0.006982 0.991214 -0.132083 11.798400 -0.068748 0.132250 0.988829 -0.000000 0.000000 0.000000 0.000000 1.000000
0.997218 0.002188 0.074504 -0.000000 0.007625 0.991331 -0.131170 11.798400 -0.074145 0.131373 0.988556 0.000000 0.000000 0.000000 0.000000 1.000000
0.997032 0.000921 0.076987 0.000000 0.009268 0.991222 -0.131885 11.798400 -0.076433 0.132207 0.988271 0.000000 0.000000 0.000000 0.000000 1.000000
0.997109 0.002765 0.075930 -0.000000 0.007443 0.990976 -0.133835 11.798400 -0.075615 0.134013 0.988091 0.000000 0.000000 0.000000 0.000000 1.000000
0.997390 0.005345 0.072002 0.000000 0.004322 0.991047 -0.133442 11.798400 -0.072071 0.133405 0.988438 -0.000000 0.000000 0.000000 0.000000 1.000000
0.997658 0.008721 0.067837 0.000000 0.000413 0.991051 -0.133481 11.798400 -0.068394 0.133196 0.988727 0.000000 0.000000 0.000000 0.000000 1.000000
0.998026 0.009600 0.062061 0.000000 -0.001181 0.990941 -0.134290 11.798400 -0.062788 0.133952 0.988997 -0.000000 0.000000 0.000000 0.000000 1.000000
0.998102 0.000444 0.061581 0.000000 0.007666 0.991301 -0.131387 11.798400 -0.061103 0.131610 0.989417 0.000000 0.000000 0.000000 0.000000 1.000000
0.998224 -0.005963 0.059278 0.000000 0.013606 0.991500 -0.129394 11.798400 -0.058003 0.129970 0.989820 0.000000 0.000000 0.000000 0.000000 1.000000
0.998706 -0.002046 0.050811 0.000000 0.008718 0.991285 -0.131449 11.798400 -0.050099 0.131722 0.990020 -0.000000 0.000000 0.000000 0.000000 1.000000
0.999204 0.002618 0.039794 0.000000 0.002754 0.990932 -0.134336 11.798400 -0.039784 0.134338 0.990137 0.000000 0.000000 0.000000 0.000000 1.000000
0.999582 0.006747 0.028124 -0.000000 -0.002815 0.990488 -0.137574 11.798400 -0.028785 0.137437 0.990092 0.000000 0.000000 0.000000 0.000000 1.000000</float_array>
        <technique_common>
          <accessor source="#mixamorig12_Spine1-Matrix-animation-output-transform-array" count="37" stride="16">
            <param type="float4x4"/>
          </accessor>
        </technique_common>
      </source>
      <source id="mixamorig12_Spine1-Interpolations">
        <Name_array id="mixamorig12_Spine1-Interpolations-array" count="37">
 LINEAR LINEAR LINEAR LINEAR LINEAR LINEAR LINEAR LINEAR LINEAR LINEAR LINEAR
LINEAR LINEAR LINEAR LINEAR LINEAR LINEAR LINEAR LINEAR LINEAR LINEAR LINEAR LINEAR
LINEAR LINEAR LINEAR LINEAR LINEAR LINEAR LINEAR LINEAR LINEAR LINEAR LINEAR LINEAR
LINEAR LINEAR</Name_array>
        <technique_common>
          <accessor source="#mixamorig12_Spine1-Interpolations-array" count="37">
            <param type="name"/>
          </accessor>
        </technique_common>
      </source>
      <sampler id="mixamorig12_Spine1-Matrix-animation-transform">
        <input semantic="INPUT" source="#mixamorig12_Spine1-Matrix-animation-input"/>
        <input semantic="OUTPUT" source="#mixamorig12_Spine1-Matrix-animation-output-transform"/>
        <input semantic="INTERPOLATION" source="#mixamorig12_Spine1-Interpolations"/>
      </sampler>
      <channel source="#mixamorig12_Spine1-Matrix-animation-transform" target="mixamorig12_Spine1/matrix"/>
    </animation>
    <animation id="mixamorig12_Spine2-anim" name="mixamorig12_Spine2">
      <source id="mixamorig12_Spine2-Matrix-animation-input">
        <float_array id="mixamorig12_Spine2-Matrix-animation-input-array" count="37">

0.000000 0.033333 0.066667 0.100000 0.133333 0.166667 0.200000 0.233333 0.266667 0.300000 0.333333 0.366667 0.400000 0.433333 0.466667 0.500000
0.533333 0.566667 0.600000 0.633333 0.666667 0.700000 0.733333 0.766667 0.800000 0.833333 0.866667 0.900000 0.933333 0.966667 1.000000 1.033333
1.066667 1.100000 1.133333 1.166667 1.200000</float_array>
        <technique_common>
          <accessor source="#mixamorig12_Spine2-Matrix-animation-input-array" count="37">
            <param name="TIME" type="float"/>
          </accessor>
        </technique_common>
      </source>
      <source id="mixamorig12_Spine2-Matrix-animation-output-transform">
        <float_array id="mixamorig12_Spine2-Matrix-animation-output-transform-array" count="592">

0.999514 0.004000 0.030909 0.000000 0.000200 0.990888 -0.134690 13.483900 -0.031166 0.134631 0.990406 0.000000 0.000000 0.000000 0.000000 1.000000
0.999665 0.003078 0.025708 0.000000 0.000391 0.991004 -0.133833 13.483900 -0.025888 0.133798 0.990670 -0.000000 0.000000 0.000000 0.000000 1.000000
0.999834 0.000506 0.018237 0.000000 0.001934 0.991037 -0.133571 13.483900 -0.018141 0.133584 0.990871 -0.000000 0.000000 0.000000 0.000000 1.000000
0.999952 -0.001644 0.009664 -0.000000 0.002919 0.991045 -0.133495 13.483900 -0.009358 0.133517 0.991002 0.000000 0.000000 0.000000 0.000000 1.000000
0.999994 -0.003179 0.001312 -0.000000 0.003326 0.990963 -0.134095 13.483900 -0.000874 0.134098 0.990968 0.000000 0.000000 0.000000 0.000000 1.000000
0.999961 -0.003586 -0.008028 -0.000000 0.002469 0.990821 -0.135159 13.483900 0.008439 0.135134 0.990791 0.000000 0.000000 0.000000 0.000000 1.000000
0.999860 -0.003367 -0.016409 -0.000000 0.001098 0.990664 -0.136325 13.483900 0.016715 0.136288 0.990528 -0.000000 0.000000 0.000000 0.000000 1.000000
0.999754 -0.002254 -0.022082 0.000000 -0.000796 0.990552 -0.137136 13.483900 0.022182 0.137120 0.990306 0.000000 0.000000 0.000000 0.000000 1.000000
0.999681 -0.001425 -0.025235 0.000000 -0.002036 0.990623 -0.136606 13.483900 0.025193 0.136613 0.990304 0.000000 0.000000 0.000000 0.000000 1.000000
0.999668 -0.003518 -0.025521 0.000000 0.000019 0.990731 -0.135837 13.483900 0.025763 0.135791 0.990402 0.000000 0.000000 0.000000 0.000000 1.000000
0.999701 -0.009119 -0.022676 0.000000 0.005893 0.990347 -0.138487 13.483900 0.023720 0.138312 0.990105 0.000000 0.000000 0.000000 0.000000 1.000000
0.999756 -0.012806 -0.017997 0.000000 0.010149 0.990000 -0.140704 13.483900 0.019619 0.140487 0.989888 0.000000 0.000000 0.000000 0.000000 1.000000
0.999786 -0.015285 -0.013961 -0.000000 0.013171 0.989975 -0.140628 13.483900 0.015971 0.140414 0.989964 0.000000 0.000000 0.000000 0.000000 1.000000
0.999815 -0.015882 -0.010880 -0.000000 0.014203 0.990046 -0.140027 13.483900 0.012995 0.139846 0.990088 -0.000000 0.000000 0.000000 0.000000 1.000000
0.999903 -0.012668 -0.005789 0.000000 0.011735 0.990115 -0.139766 13.483900 0.007503 0.139685 0.990168 -0.000000 0.000000 0.000000 0.000000 1.000000
0.999952 -0.009811 -0.000695 -0.000000 0.009619 0.990187 -0.139415 13.483900 0.002056 0.139402 0.990234 -0.000000 0.000000 0.000000 0.000000 1.000000
0.999937 -0.010093 0.004972 0.000000 0.010685 0.990319 -0.138400 13.483900 -0.003527 0.138444 0.990364 0.000000 0.000000 0.000000 0.000000 1.000000
0.999877 -0.010327 0.011832 0.000000 0.011849 0.990519 -0.136861 13.483900 -0.010307 0.136984 0.990520 0.000000 0.000000 0.000000 0.000000 1.000000
0.999766 -0.011482 0.018348 -0.000000 0.013874 0.990606 -0.136043 13.483900 -0.016614 0.136266 0.990533 0.000000 0.000000 0.000000 0.000000 1.000000
0.999615 -0.011468 0.025278 -0.000000 0.014769 0.990800 -0.134524 13.483900 -0.023503 0.134845 0.990588 -0.000000 0.000000 0.000000 0.000000 1.000000
0.999434 -0.010035 0.032123 -0.000000 0.014265 0.990841 -0.134280 13.483900 -0.030482 0.134662 0.990423 0.000000 0.000000 0.000000 0.000000 1.000000
0.999181 -0.007697 0.039724 0.000000 0.012982 0.990819 -0.134570 13.483900 -0.038323 0.134975 0.990108 0.000000 0.000000 0.000000 0.000000 1.000000
0.998823 -0.004690 0.048285 0.000000 0.011135 0.990907 -0.134086 13.483900 -0.047217 0.134466 0.989793 0.000000 0.000000 0.000000 0.000000 1.000000
0.998298 -0.002196 0.058283 0.000000 0.009909 0.991149 -0.132387 13.483900 -0.057476 0.132739 0.989483 0.000000 0.000000 0.000000 0.000000 1.000000
0.997666 -0.001115 0.068277 -0.000000 0.009956 0.991559 -0.129275 13.483900 -0.067557 0.129653 0.989255 0.000000 0.000000 0.000000 0.000000 1.000000
0.997180 0.000062 0.075052 0.000000 0.009529 0.991801 -0.127434 13.483900 -0.074445 0.127790 0.989003 0.000000 0.000000 0.000000 0.000000 1.000000
0.996768 0.000137 0.080330 -0.000000 0.010064 0.991906 -0.126571 13.483900 -0.079697 0.126971 0.988700 -0.000000 0.000000 0.000000 0.000000 1.000000
0.996574 -0.001062 0.082698 0.000000 0.011633 0.991777 -0.127446 13.483900 -0.081883 0.127971 0.988392 0.000000 0.000000 0.000000 0.000000 1.000000
0.996685 0.000830 0.081355 0.000000 0.009772 0.991488 -0.129830 13.483900 -0.080770 0.130194 0.988193 0.000000 0.000000 0.000000 0.000000 1.000000
0.997035 0.003682 0.076867 0.000000 0.006361 0.991494 -0.129998 13.483900 -0.076692 0.130101 0.988530 0.000000 0.000000 0.000000 0.000000 1.000000
0.997376 0.007157 0.072048 0.000000 0.002315 0.991442 -0.130527 13.483900 -0.072365 0.130351 0.988823 -0.000000 0.000000 0.000000 0.000000 1.000000
0.997805 0.007856 0.065760 0.000000 0.000867 0.991306 -0.131577 13.483900 -0.066222 0.131345 0.989122 0.000000 0.000000 0.000000 0.000000 1.000000
0.997832 -0.000142 0.065805 0.000000 0.008592 0.991719 -0.128139 13.483900 -0.065242 0.128427 0.989571 -0.000000 0.000000 0.000000 0.000000 1.000000
0.997942 -0.005994 0.063849 0.000000 0.014012 0.991947 -0.125876 13.483900 -0.062580 0.126512 0.989989 0.000000 0.000000 0.000000 0.000000 1.000000
0.998501 -0.002790 0.054658 0.000000 0.009790 0.991698 -0.128214 13.483900 -0.053847 0.128557 0.990239 -0.000000 0.000000 0.000000 0.000000 1.000000
0.999072 0.000893 0.043060 0.000000 0.004773 0.991330 -0.131307 13.483900 -0.042804 0.131391 0.990406 0.000000 0.000000 0.000000 0.000000 1.000000
0.999514 0.004000 0.030909 0.000000 0.000200 0.990888 -0.134690 13.483900 -0.031166 0.134631 0.990406 0.000000 0.000000 0.000000 0.000000 1.000000</float_array>
        <technique_common>
          <accessor source="#mixamorig12_Spine2-Matrix-animation-output-transform-array" count="37" stride="16">
            <param type="float4x4"/>
          </accessor>
        </technique_common>
      </source>
      <source id="mixamorig12_Spine2-Interpolations">
        <Name_array id="mixamorig12_Spine2-Interpolations-array" count="37">
 LINEAR LINEAR LINEAR LINEAR LINEAR LINEAR LINEAR LINEAR LINEAR LINEAR LINEAR
LINEAR LINEAR LINEAR LINEAR LINEAR LINEAR LINEAR LINEAR LINEAR LINEAR LINEAR LINEAR
LINEAR LINEAR LINEAR LINEAR LINEAR LINEAR LINEAR LINEAR LINEAR LINEAR LINEAR LINEAR
LINEAR LINEAR</Name_array>
        <technique_common>
          <accessor source="#mixamorig12_Spine2-Interpolations-array" count="37">
            <param type="name"/>
          </accessor>
        </technique_common>
      </source>
      <sampler id="mixamorig12_Spine2-Matrix-animation-transform">
        <input semantic="INPUT" source="#mixamorig12_Spine2-Matrix-animation-input"/>
        <input semantic="OUTPUT" source="#mixamorig12_Spine2-Matrix-animation-output-transform"/>
        <input semantic="INTERPOLATION" source="#mixamorig12_Spine2-Interpolations"/>
      </sampler>
      <channel source="#mixamorig12_Spine2-Matrix-animation-transform" target="mixamorig12_Spine2/matrix"/>
    </animation>
    <animation id="mixamorig12_Neck-anim" name="mixamorig12_Neck">
      <source id="mixamorig12_Neck-Matrix-animation-input">
        <float_array id="mixamorig12_Neck-Matrix-animation-input-array" count="37">

0.000000 0.033333 0.066667 0.100000 0.133333 0.166667 0.200000 0.233333 0.266667 0.300000 0.333333 0.366667 0.400000 0.433333 0.466667 0.500000
0.533333 0.566667 0.600000 0.633333 0.666667 0.700000 0.733333 0.766667 0.800000 0.833333 0.866667 0.900000 0.933333 0.966667 1.000000 1.033333
1.066667 1.100000 1.133333 1.166667 1.200000</float_array>
        <technique_common>
          <accessor source="#mixamorig12_Neck-Matrix-animation-input-array" count="37">
            <param name="TIME" type="float"/>
          </accessor>
        </technique_common>
      </source>
      <source id="mixamorig12_Neck-Matrix-animation-output-transform">
        <float_array id="mixamorig12_Neck-Matrix-animation-output-transform-array" count="592">

0.999855 -0.005495 -0.016093 0.000000 0.003978 0.995676 -0.092812 15.169400 0.016533 0.092735 0.995554 0.000000 0.000000 0.000000 0.000000 1.000000
0.999910 -0.003608 -0.012916 -0.000000 0.002379 0.995574 -0.093946 15.169400 0.013198 0.093907 0.995494 0.000000 0.000000 0.000000 0.000000 1.000000
0.999963 -0.001095 -0.008561 -0.000000 0.000275 0.995453 -0.095259 15.169400 0.008626 0.095253 0.995416 0.000000 0.000000 0.000000 0.000000 1.000000
0.999996 0.000479 -0.002722 0.000000 -0.000736 0.995484 -0.094925 15.169400 0.002664 0.094926 0.995481 0.000000 0.000000 0.000000 0.000000 1.000000
0.999992 0.002055 0.003289 -0.000000 -0.001728 0.995322 -0.096594 15.169400 -0.003473 0.096587 0.995318 0.000000 0.000000 0.000000 0.000000 1.000000
0.999951 0.002589 0.009531 0.000000 -0.001639 0.995155 -0.098303 15.169400 -0.009739 0.098283 0.995111 0.000000 0.000000 0.000000 0.000000 1.000000
0.999874 0.004643 0.015163 0.000000 -0.003129 0.995146 -0.098355 15.169400 -0.015547 0.098295 0.995036 0.000000 0.000000 0.000000 0.000000 1.000000
0.999790 0.007699 0.019012 0.000000 -0.005839 0.995363 -0.096012 15.169400 -0.019663 0.095881 0.995199 0.000000 0.000000 0.000000 0.000000 1.000000
0.999731 0.008994 0.021364 0.000000 -0.007011 0.995813 -0.091146 15.169400 -0.022095 0.090971 0.995608 0.000000 0.000000 0.000000 0.000000 1.000000
0.999661 0.011773 0.023217 -0.000000 -0.009761 0.996338 -0.084943 15.169400 -0.024132 0.084688 0.996115 0.000000 0.000000 0.000000 0.000000 1.000000
0.999575 0.015223 0.024877 0.000000 -0.013181 0.996688 -0.080250 15.169400 -0.026016 0.079888 0.996464 0.000000 0.000000 0.000000 0.000000 1.000000
0.999533 0.016473 0.025751 0.000000 -0.014418 0.996846 -0.078044 15.169400 -0.026955 0.077636 0.996617 0.000000 0.000000 0.000000 0.000000 1.000000
0.999536 0.014877 0.026588 0.000000 -0.012749 0.996832 -0.078510 15.169400 -0.027672 0.078135 0.996559 -0.000000 0.000000 0.000000 0.000000 1.000000
0.999513 0.014669 0.027555 0.000000 -0.012459 0.996819 -0.078723 15.169400 -0.028623 0.078341 0.996516 0.000000 0.000000 0.000000 0.000000 1.000000
0.999519 0.015488 0.026865 0.000000 -0.013326 0.996796 -0.078865 15.169400 -0.028000 0.078469 0.996523 0.000000 0.000000 0.000000 0.000000 1.000000
0.999569 0.014614 0.025468 0.000000 -0.012497 0.996604 -0.081386 15.169400 -0.026571 0.081033 0.996357 0.000000 0.000000 0.000000 0.000000 1.000000
0.999655 0.012773 0.022955 -0.000000 -0.010792 0.996373 -0.084405 15.169400 -0.023949 0.084128 0.996167 -0.000000 0.000000 0.000000 0.000000 1.000000
0.999787 0.008882 0.018654 0.000000 -0.007192 0.996023 -0.088808 15.169400 -0.019368 0.088655 0.995874 0.000000 0.000000 0.000000 0.000000 1.000000
0.999868 0.007223 0.014521 0.000000 -0.005871 0.995822 -0.091123 15.169400 -0.015118 0.091026 0.995734 0.000000 0.000000 0.000000 0.000000 1.000000
0.999949 0.004522 0.009045 0.000000 -0.003644 0.995490 -0.094800 15.169400 -0.009432 0.094762 0.995455 -0.000000 0.000000 0.000000 0.000000 1.000000
0.999992 0.002638 0.002974 0.000000 -0.002339 0.995318 -0.096621 15.169400 -0.003215 0.096613 0.995317 0.000000 0.000000 0.000000 0.000000 1.000000
0.999990 0.002736 -0.003648 -0.000000 -0.003082 0.995141 -0.098409 15.169400 0.003361 0.098419 0.995139 -0.000000 0.000000 0.000000 0.000000 1.000000
0.999933 0.002711 -0.011241 -0.000000 -0.003843 0.994780 -0.101970 15.169400 0.010906 0.102006 0.994724 0.000000 0.000000 0.000000 0.000000 1.000000
0.999812 0.002702 -0.019207 0.000000 -0.004700 0.994490 -0.104729 15.169400 0.018818 0.104800 0.994315 0.000000 0.000000 0.000000 0.000000 1.000000
0.999643 0.002408 -0.026600 -0.000000 -0.005206 0.994391 -0.105634 15.169400 0.026197 0.105735 0.994049 0.000000 0.000000 0.000000 0.000000 1.000000
0.999475 0.000610 -0.032399 0.000000 -0.003983 0.994552 -0.104165 15.169400 0.032159 0.104239 0.994032 0.000000 0.000000 0.000000 0.000000 1.000000
0.999317 -0.000909 -0.036944 0.000000 -0.002885 0.994728 -0.102504 15.169400 0.036843 0.102541 0.994046 0.000000 0.000000 0.000000 0.000000 1.000000
0.999207 -0.002701 -0.039718 0.000000 -0.001248 0.995082 -0.099046 15.169400 0.039790 0.099017 0.994290 -0.000000 0.000000 0.000000 0.000000 1.000000
0.999178 -0.005644 -0.040152 -0.000000 0.001805 0.995474 -0.095015 15.169400 0.040507 0.094865 0.994666 0.000000 0.000000 0.000000 0.000000 1.000000
0.999227 -0.007453 -0.038588 0.000000 0.003924 0.995867 -0.090744 15.169400 0.039105 0.090523 0.995126 0.000000 0.000000 0.000000 0.000000 1.000000
0.999325 -0.007006 -0.036065 -0.000000 0.003855 0.996225 -0.086722 15.169400 0.036537 0.086525 0.995579 0.000000 0.000000 0.000000 0.000000 1.000000
0.999433 -0.008027 -0.032684 -0.000000 0.005293 0.996543 -0.082912 15.169400 0.033237 0.082692 0.996021 0.000000 0.000000 0.000000 0.000000 1.000000
0.999483 -0.007802 -0.031200 0.000000 0.005122 0.996361 -0.085080 15.169400 0.031750 0.084876 0.995886 -0.000000 0.000000 0.000000 0.000000 1.000000
0.999568 -0.008206 -0.028231 0.000000 0.005682 0.996072 -0.088364 15.169400 0.028846 0.088165 0.995688 -0.000000 0.000000 0.000000 0.000000 1.000000
0.999681 -0.008488 -0.023790 0.000000 0.006269 0.995755 -0.091826 15.169400 0.024469 0.091648 0.995491 -0.000000 0.000000 0.000000 0.000000 1.000000
0.999772 -0.007405 -0.020031 0.000000 0.005523 0.995704 -0.092425 15.169400 0.020629 0.092293 0.995518 0.000000 0.000000 0.000000 0.000000 1.000000
0.999855 -0.005495 -0.016093 0.000000 0.003978 0.995676 -0.092812 15.169400 0.016533 0.092735 0.995554 0.000000 0.000000 0.000000 0.000000 1.000000</float_array>
        <technique_common>
          <accessor source="#mixamorig12_Neck-Matrix-animation-output-transform-array" count="37" stride="16">
            <param type="float4x4"/>
          </accessor>
        </technique_common>
      </source>
      <source id="mixamorig12_Neck-Interpolations">
        <Name_array id="mixamorig12_Neck-Interpolations-array" count="37">
 LINEAR LINEAR LINEAR LINEAR LINEAR LINEAR LINEAR LINEAR LINEAR LINEAR LINEAR
LINEAR LINEAR LINEAR LINEAR LINEAR LINEAR LINEAR LINEAR LINEAR LINEAR LINEAR LINEAR
LINEAR LINEAR LINEAR LINEAR LINEAR LINEAR LINEAR LINEAR LINEAR LINEAR LINEAR LINEAR
LINEAR LINEAR</Name_array>
        <technique_common>
          <accessor source="#mixamorig12_Neck-Interpolations-array" count="37">
            <param type="name"/>
          </accessor>
        </technique_common>
      </source>
      <sampler id="mixamorig12_Neck-Matrix-animation-transform">
        <input semantic="INPUT" source="#mixamorig12_Neck-Matrix-animation-input"/>
        <input semantic="OUTPUT" source="#mixamorig12_Neck-Matrix-animation-output-transform"/>
        <input semantic="INTERPOLATION" source="#mixamorig12_Neck-Interpolations"/>
      </sampler>
      <channel source="#mixamorig12_Neck-Matrix-animation-transform" target="mixamorig12_Neck/matrix"/>
    </animation>
    <animation id="mixamorig12_Head-anim" name="mixamorig12_Head">
      <source id="mixamorig12_Head-Matrix-animation-input">
        <float_array id="mixamorig12_Head-Matrix-animation-input-array" count="37">

0.000000 0.033333 0.066667 0.100000 0.133333 0.166667 0.200000 0.233333 0.266667 0.300000 0.333333 0.366667 0.400000 0.433333 0.466667 0.500000
0.533333 0.566667 0.600000 0.633333 0.666667 0.700000 0.733333 0.766667 0.800000 0.833333 0.866667 0.900000 0.933333 0.966667 1.000000 1.033333
