<?xml version="1.0" encoding="utf-8"?>
<COLLADA xmlns="http://www.collada.org/2005/11/COLLADASchema" version="1.4.1">
  <asset>
    <contributor>
      <author>Mixamo</author>
      <authoring_tool>COLLADA Mixamo exporter</authoring_tool>
      <comments/>
    </contributor>
    <created>2025-06-01T04:50:37Z</created>
    <modified>2025-06-01T04:50:37Z</modified>
    <revision/>
    <title/>
    <unit meter="0.010000"/>
    <up_axis>Y_UP</up_axis>
  </asset>
  <library_animations>
    <animation id="mixamorig12_Hips-anim" name="mixamorig12_Hips">
      <source id="mixamorig12_Hips-Matrix-animation-input">
        <float_array id="mixamorig12_Hips-Matrix-animation-input-array" count="45">

0.000000 0.033333 0.066667 0.100000 0.133333 0.166667 0.200000 0.233333 0.266667 0.300000 0.333333 0.366667 0.400000 0.433333 0.466667 0.500000
0.533333 0.566667 0.600000 0.633333 0.666667 0.700000 0.733333 0.766667 0.800000 0.833333 0.866667 0.900000 0.933333 0.966667 1.000000 1.033333
1.066667 1.100000 1.133333 1.166667 1.200000 1.233333 1.266667 1.300000 1.333333 1.366667 1.400000 1.433333 1.466667</float_array>
        <technique_common>
          <accessor source="#mixamorig12_Hips-Matrix-animation-input-array" count="45">
            <param name="TIME" type="float"/>
          </accessor>
        </technique_common>
      </source>
      <source id="mixamorig12_Hips-Matrix-animation-output-transform">
        <float_array id="mixamorig12_Hips-Matrix-animation-output-transform-array" count="720">

0.874562 0.089842 -0.476519 0.107585 -0.048673 0.993988 0.098073 96.696503 0.482466 -0.062577 0.873677 0.255330 0.000000 0.000000 0.000000 1.000000
0.860465 0.092291 -0.501081 0.536803 -0.050084 0.994016 0.097077 96.559311 0.507042 -0.058435 0.859938 0.320755 0.000000 0.000000 0.000000 1.000000
0.845124 0.094991 -0.526063 0.892905 -0.053057 0.994131 0.094274 96.355530 0.531931 -0.051762 0.845204 0.414061 0.000000 0.000000 0.000000 1.000000
0.830386 0.096572 -0.548756 1.202048 -0.057002 0.994422 0.088746 96.103218 0.554266 -0.042413 0.831259 0.488453 0.000000 0.000000 0.000000 1.000000
0.817657 0.095911 -0.567660 1.503287 -0.061421 0.994930 0.079632 95.834595 0.572419 -0.030245 0.819403 0.544280 0.000000 0.000000 0.000000 1.000000
0.807476 0.093109 -0.582506 1.766764 -0.066763 0.995545 0.066583 95.521240 0.586110 -0.014875 0.810095 0.594039 0.000000 0.000000 0.000000 1.000000
0.799175 0.088899 -0.594488 2.005381 -0.073343 0.996035 0.050351 95.144653 0.596607 0.003362 0.802526 0.637197 0.000000 0.000000 0.000000 1.000000
0.791065 0.082998 -0.606075 2.322696 -0.079125 0.996313 0.033162 94.789490 0.606593 0.021723 0.794716 0.646842 0.000000 0.000000 0.000000 1.000000
0.782011 0.073928 -0.618864 2.648005 -0.079806 0.996644 0.018213 94.523888 0.618134 0.035146 0.785287 0.646095 0.000000 0.000000 0.000000 1.000000
0.772971 0.061272 -0.631476 2.856368 -0.072554 0.997333 0.007959 94.391998 0.630279 0.039664 0.775355 0.700080 0.000000 0.000000 0.000000 1.000000
0.766003 0.046815 -0.641130 3.016766 -0.058920 0.998260 0.002496 94.393997 0.640131 0.035864 0.767429 0.830585 0.000000 0.000000 0.000000 1.000000
0.761232 0.034592 -0.647556 3.158986 -0.045407 0.998969 -0.000014 94.506897 0.646887 0.029414 0.762018 0.996860 0.000000 0.000000 0.000000 1.000000
0.756621 0.027078 -0.653293 3.204985 -0.036722 0.999325 -0.001109 94.690155 0.652822 0.024829 0.757104 1.209574 0.000000 0.000000 0.000000 1.000000
0.751328 0.024599 -0.659471 3.176800 -0.033026 0.999454 -0.000346 94.978340 0.659102 0.022039 0.751730 1.495632 0.000000 0.000000 0.000000 1.000000
0.746631 0.026802 -0.664699 3.208061 -0.032272 0.999471 0.004050 95.345215 0.664456 0.018428 0.747100 1.782005 0.000000 0.000000 0.000000 1.000000
0.742852 0.032833 -0.668651 3.378002 -0.032929 0.999380 0.012489 95.686356 0.668646 0.012741 0.743472 2.033861 0.000000 0.000000 0.000000 1.000000
0.738880 0.040359 -0.672628 3.744417 -0.033923 0.999167 0.022687 95.889969 0.672983 0.006055 0.739633 2.319483 0.000000 0.000000 0.000000 1.000000
0.735627 0.047401 -0.675726 4.234183 -0.035135 0.998876 0.031820 96.020187 0.676475 0.000334 0.736465 2.641497 0.000000 0.000000 0.000000 1.000000
0.736605 0.054135 -0.674153 4.689772 -0.037739 0.998528 0.038948 96.301430 0.675269 -0.003247 0.737564 2.946521 0.000000 0.000000 0.000000 1.000000
0.743686 0.061576 -0.665687 5.180950 -0.042650 0.998091 0.044676 96.659180 0.667167 -0.004834 0.744892 3.203349 0.000000 0.000000 0.000000 1.000000
0.755160 0.069198 -0.651879 5.759222 -0.048817 0.997588 0.049345 97.000633 0.653721 -0.005441 0.756716 3.377414 0.000000 0.000000 0.000000 1.000000
0.768695 0.074792 -0.635228 6.344549 -0.053943 0.997182 0.052131 97.289444 0.637337 -0.005807 0.770564 3.445252 0.000000 0.000000 0.000000 1.000000
0.783704 0.076164 -0.616447 6.513556 -0.056224 0.997078 0.051713 97.588104 0.618585 -0.005868 0.785696 3.434416 0.000000 0.000000 0.000000 1.000000
0.800682 0.072752 -0.594655 6.614050 -0.055379 0.997337 0.047451 97.798828 0.596524 -0.005062 0.802579 3.419712 0.000000 0.000000 0.000000 1.000000
0.819395 0.065899 -0.569429 6.672201 -0.052468 0.997822 0.039977 97.831192 0.570823 -0.002880 0.821068 3.375902 0.000000 0.000000 0.000000 1.000000
0.838534 0.057224 -0.541836 6.694739 -0.048320 0.998361 0.030659 97.883980 0.542702 0.000473 0.839925 3.345150 0.000000 0.000000 0.000000 1.000000
0.856626 0.047188 -0.513775 6.638083 -0.042621 0.998877 0.020678 97.926544 0.514174 0.004184 0.857676 3.356473 0.000000 0.000000 0.000000 1.000000
0.872564 0.035551 -0.487204 6.412808 -0.034590 0.999341 0.010972 97.873581 0.487273 0.007278 0.873219 3.411429 0.000000 0.000000 0.000000 1.000000
0.885433 0.024069 -0.464143 5.948070 -0.025544 0.999669 0.003111 97.665359 0.464065 0.009102 0.885755 3.405560 0.000000 0.000000 0.000000 1.000000
0.894935 0.017337 -0.445859 5.264867 -0.019713 0.999805 -0.000692 97.421951 0.445760 0.009409 0.895103 3.264463 0.000000 0.000000 0.000000 1.000000
0.902339 0.020015 -0.430562 4.437913 -0.021838 0.999761 0.000709 97.250481 0.430473 0.008763 0.902561 3.033917 0.000000 0.000000 0.000000 1.000000
0.909949 0.033075 -0.413399 3.519188 -0.033601 0.999417 0.006001 97.083672 0.413357 0.008430 0.910530 2.749427 0.000000 0.000000 0.000000 1.000000
0.918792 0.053287 -0.391128 2.550207 -0.052566 0.998539 0.012559 96.922516 0.391225 0.009021 0.920251 2.392612 0.000000 0.000000 0.000000 1.000000
0.927447 0.073922 -0.366576 1.526765 -0.071935 0.997226 0.019097 96.773392 0.366971 0.008658 0.930192 1.998371 0.000000 0.000000 0.000000 1.000000
0.933365 0.090030 -0.347453 0.518577 -0.086204 0.995925 0.026487 96.714890 0.348422 0.005230 0.937323 1.635289 0.000000 0.000000 0.000000 1.000000
0.934933 0.100476 -0.340302 -0.333174 -0.093942 0.994938 0.035670 96.696114 0.342163 -0.001380 0.939640 1.306333 0.000000 0.000000 0.000000 1.000000
0.932289 0.106106 -0.345803 -0.920075 -0.096079 0.994307 0.046062 96.638733 0.348722 -0.009719 0.937176 0.993350 0.000000 0.000000 0.000000 1.000000
0.926908 0.107228 -0.359645 -1.266045 -0.092959 0.994049 0.056795 96.601547 0.363595 -0.019211 0.931359 0.730718 0.000000 0.000000 0.000000 1.000000
0.920489 0.104129 -0.376639 -1.458300 -0.084705 0.994095 0.067820 96.701012 0.381477 -0.030524 0.923874 0.545184 0.000000 0.000000 0.000000 1.000000
0.914077 0.098616 -0.393368 -1.486233 -0.073421 0.994196 0.078634 96.820984 0.398839 -0.042996 0.916012 0.441860 0.000000 0.000000 0.000000 1.000000
0.907969 0.093309 -0.408515 -1.365982 -0.062772 0.994179 0.087564 96.886902 0.414308 -0.053863 0.908541 0.362516 0.000000 0.000000 0.000000 1.000000
0.901855 0.089773 -0.422608 -1.123641 -0.055181 0.994097 0.093414 96.928421 0.428500 -0.060926 0.901485 0.283543 0.000000 0.000000 0.000000 1.000000
0.894907 0.088247 -0.437440 -0.770840 -0.050839 0.994031 0.096525 96.928772 0.443347 -0.064141 0.894052 0.246393 0.000000 0.000000 0.000000 1.000000
0.886078 0.088389 -0.455031 -0.346679 -0.048892 0.993997 0.097876 96.870033 0.460951 -0.064479 0.885080 0.239981 0.000000 0.000000 0.000000 1.000000
0.874561 0.089842 -0.476519 0.107587 -0.048674 0.993988 0.098073 96.769974 0.482466 -0.062577 0.873677 0.255328 0.000000 0.000000 0.000000 1.000000</float_array>
        <technique_common>
          <accessor source="#mixamorig12_Hips-Matrix-animation-output-transform-array" count="45" stride="16">
            <param type="float4x4"/>
          </accessor>
        </technique_common>
      </source>
      <source id="mixamorig12_Hips-Interpolations">
        <Name_array id="mixamorig12_Hips-Interpolations-array" count="45">
 LINEAR LINEAR LINEAR LINEAR LINEAR LINEAR LINEAR LINEAR LINEAR LINEAR LINEAR
LINEAR LINEAR LINEAR LINEAR LINEAR LINEAR LINEAR LINEAR LINEAR LINEAR LINEAR LINEAR
LINEAR LINEAR LINEAR LINEAR LINEAR LINEAR LINEAR LINEAR LINEAR LINEAR LINEAR LINEAR
LINEAR LINEAR LINEAR LINEAR LINEAR LINEAR LINEAR LINEAR LINEAR LINEAR</Name_array>
        <technique_common>
          <accessor source="#mixamorig12_Hips-Interpolations-array" count="45">
            <param type="name"/>
          </accessor>
        </technique_common>
      </source>
      <sampler id="mixamorig12_Hips-Matrix-animation-transform">
        <input semantic="INPUT" source="#mixamorig12_Hips-Matrix-animation-input"/>
        <input semantic="OUTPUT" source="#mixamorig12_Hips-Matrix-animation-output-transform"/>
        <input semantic="INTERPOLATION" source="#mixamorig12_Hips-Interpolations"/>
      </sampler>
      <channel source="#mixamorig12_Hips-Matrix-animation-transform" target="mixamorig12_Hips/matrix"/>
    </animation>
    <animation id="mixamorig12_Spine-anim" name="mixamorig12_Spine">
      <source id="mixamorig12_Spine-Matrix-animation-input">
        <float_array id="mixamorig12_Spine-Matrix-animation-input-array" count="45">

0.000000 0.033333 0.066667 0.100000 0.133333 0.166667 0.200000 0.233333 0.266667 0.300000 0.333333 0.366667 0.400000 0.433333 0.466667 0.500000
0.533333 0.566667 0.600000 0.633333 0.666667 0.700000 0.733333 0.766667 0.800000 0.833333 0.866667 0.900000 0.933333 0.966667 1.000000 1.033333
1.066667 1.100000 1.133333 1.166667 1.200000 1.233333 1.266667 1.300000 1.333333 1.366667 1.400000 1.433333 1.466667</float_array>
        <technique_common>
          <accessor source="#mixamorig12_Spine-Matrix-animation-input-array" count="45">
            <param name="TIME" type="float"/>
          </accessor>
        </technique_common>
      </source>
      <source id="mixamorig12_Spine-Matrix-animation-output-transform">
        <float_array id="mixamorig12_Spine-Matrix-animation-output-transform-array" count="720">

0.989959 -0.028344 0.138487 -0.000000 0.040558 0.995453 -0.086185 10.052400 -0.135415 0.090936 0.986607 -1.105100 0.000000 0.000000 0.000000 1.000000
0.987847 -0.025113 0.153385 0.000000 0.038235 0.995798 -0.083213 10.052400 -0.150651 0.088066 0.984657 -1.105100 0.000000 0.000000 0.000000 1.000000
0.985793 -0.021064 0.166636 -0.000000 0.034541 0.996324 -0.078396 10.052400 -0.164372 0.083038 0.982897 -1.105100 0.000000 0.000000 0.000000 1.000000
0.984394 -0.016083 0.175243 0.000000 0.029051 0.997004 -0.071688 10.052400 -0.173565 0.075660 0.981912 -1.105100 0.000000 0.000000 0.000000 1.000000
0.984065 -0.010956 0.177474 0.000000 0.022459 0.997765 -0.062940 10.052400 -0.176387 0.065923 0.982111 -1.105100 0.000000 0.000000 0.000000 1.000000
0.984668 -0.007209 0.174291 0.000000 0.016523 0.998508 -0.052047 10.052400 -0.173656 0.054129 0.983318 -1.105100 0.000000 0.000000 0.000000 1.000000
0.985626 -0.005342 0.168857 0.000000 0.012226 0.999135 -0.039752 10.052400 -0.168499 0.041245 0.984839 -1.105100 0.000000 0.000000 0.000000 1.000000
0.986407 -0.003008 0.164293 -0.000000 0.007759 0.999570 -0.028285 10.052400 -0.164138 0.029175 0.986006 -1.105100 0.000000 0.000000 0.000000 1.000000
0.986819 0.003936 0.161779 0.000000 -0.000599 0.999786 -0.020668 10.052400 -0.161826 0.020299 0.986611 -1.105100 0.000000 0.000000 0.000000 1.000000
0.986821 0.017448 0.160873 0.000000 -0.014637 0.999719 -0.018645 10.052400 -0.161154 0.016045 0.986799 -1.105100 0.000000 0.000000 0.000000 1.000000
0.986280 0.035729 0.161170 0.000000 -0.032766 0.999242 -0.021006 10.052400 -0.161798 0.015436 0.986703 -1.105100 0.000000 0.000000 0.000000 1.000000
0.985262 0.053551 0.162456 -0.000000 -0.050342 0.998448 -0.023808 10.052400 -0.163478 0.015279 0.986429 -1.105100 0.000000 0.000000 0.000000 1.000000
0.984304 0.067531 0.163047 0.000000 -0.064518 0.997635 -0.023711 10.052400 -0.164263 0.012820 0.986333 -1.105100 0.000000 0.000000 0.000000 1.000000
0.984199 0.077391 0.159257 0.000000 -0.075004 0.996963 -0.020953 10.052400 -0.160395 0.008677 0.987015 -1.105100 0.000000 0.000000 0.000000 1.000000
0.985375 0.084302 0.148085 0.000000 -0.082422 0.996420 -0.018802 10.052400 -0.149140 0.006322 0.988796 -1.105100 0.000000 0.000000 0.000000 1.000000
0.987485 0.088723 0.130391 0.000000 -0.086888 0.996023 -0.019705 10.052400 -0.131621 0.008129 0.991267 -1.105100 0.000000 0.000000 0.000000 1.000000
0.989766 0.090324 0.110478 -0.000000 -0.088338 0.995831 -0.022756 10.052400 -0.112073 0.012764 0.993618 -1.105100 0.000000 0.000000 0.000000 1.000000
0.991750 0.088734 0.092512 -0.000000 -0.086737 0.995908 -0.025393 10.052400 -0.094386 0.017159 0.995388 -1.105100 0.000000 0.000000 0.000000 1.000000
0.993423 0.084046 0.077761 0.000000 -0.082204 0.996261 -0.026598 10.052400 -0.079705 0.020031 0.996617 -1.105100 0.000000 0.000000 0.000000 1.000000
0.994920 0.076825 0.065050 0.000000 -0.075190 0.996798 -0.027224 10.052400 -0.066933 0.022194 0.997511 -1.105100 0.000000 0.000000 0.000000 1.000000
0.996245 0.068389 0.053102 -0.000000 -0.066970 0.997360 -0.028070 10.052400 -0.054881 0.024408 0.998195 -1.105100 0.000000 0.000000 0.000000 1.000000
0.997303 0.060417 0.041677 -0.000000 -0.059233 0.997821 -0.029080 10.052400 -0.043343 0.026533 0.998708 -1.105100 0.000000 0.000000 0.000000 1.000000
0.998054 0.054121 0.030955 0.000000 -0.053191 0.998130 -0.030123 10.052400 -0.032528 0.028418 0.999067 -1.105100 0.000000 0.000000 0.000000 1.000000
0.998552 0.049628 0.020776 -0.000000 -0.048959 0.998303 -0.031539 10.052400 -0.022305 0.030476 0.999287 -1.105100 0.000000 0.000000 0.000000 1.000000
0.998877 0.046090 0.011012 0.000000 -0.045698 0.998393 -0.033502 10.052400 -0.012539 0.032961 0.999378 -1.105100 0.000000 0.000000 0.000000 1.000000
0.999069 0.043091 0.002286 0.000000 -0.042984 0.998461 -0.035056 10.052400 -0.003793 0.034925 0.999383 -1.105100 0.000000 0.000000 0.000000 1.000000
0.999131 0.041523 -0.003608 -0.000000 -0.041622 0.998546 -0.034251 10.052400 0.002180 0.034372 0.999407 -1.105100 0.000000 0.000000 0.000000 1.000000
0.999071 0.042875 -0.004442 0.000000 -0.042989 0.998623 -0.030072 10.052400 0.003147 0.030235 0.999538 -1.105100 0.000000 0.000000 0.000000 1.000000
0.998936 0.046113 0.000488 0.000000 -0.046087 0.998637 -0.024493 10.052400 -0.001617 0.024444 0.999700 -1.105100 0.000000 0.000000 0.000000 1.000000
0.998895 0.046073 0.009228 -0.000000 -0.045867 0.998718 -0.021430 10.052400 -0.010204 0.020983 0.999728 -1.105100 0.000000 0.000000 0.000000 1.000000
0.999176 0.036420 0.017917 0.000000 -0.035999 0.999081 -0.023276 10.052400 -0.018748 0.022612 0.999569 -1.105100 0.000000 0.000000 0.000000 1.000000
0.999625 0.015351 0.022669 0.000000 -0.014685 0.999464 -0.029265 10.052400 -0.023106 0.028921 0.999315 -1.105100 0.000000 0.000000 0.000000 1.000000
0.999674 -0.012701 0.022148 0.000000 0.013512 0.999229 -0.036864 10.052400 -0.021663 0.037152 0.999075 -1.105100 0.000000 0.000000 0.000000 1.000000
0.999060 -0.038992 0.018920 0.000000 0.039795 0.998234 -0.044098 10.052400 -0.017167 0.044809 0.998848 -1.105100 0.000000 0.000000 0.000000 1.000000
0.998165 -0.057878 0.017821 0.000000 0.058711 0.997000 -0.050443 10.052400 -0.014848 0.051397 0.998568 -1.105100 0.000000 0.000000 0.000000 1.000000
0.997375 -0.068934 0.022179 0.000000 0.070086 0.995956 -0.056214 10.052400 -0.018214 0.057621 0.998172 -1.105100 0.000000 0.000000 0.000000 1.000000
0.996757 -0.073913 0.031804 -0.000000 0.075768 0.995213 -0.061721 10.052400 -0.027090 0.063931 0.997587 -1.105100 0.000000 0.000000 0.000000 1.000000
0.996308 -0.073468 0.044408 -0.000000 0.076351 0.994817 -0.067156 10.052400 -0.039244 0.070299 0.996754 -1.105100 0.000000 0.000000 0.000000 1.000000
0.996030 -0.067482 0.058052 0.000000 0.071632 0.994780 -0.072668 10.052400 -0.052845 0.076538 0.995665 -1.105100 0.000000 0.000000 0.000000 1.000000
0.995757 -0.057437 0.071895 -0.000000 0.063027 0.994954 -0.078064 10.052400 -0.067048 0.082264 0.994353 -1.105100 0.000000 0.000000 0.000000 1.000000
0.995231 -0.046951 0.085501 0.000000 0.054047 0.995111 -0.082663 10.052400 -0.081202 0.086890 0.992903 -1.105100 0.000000 0.000000 0.000000 1.000000
0.994366 -0.039106 0.098526 -0.000000 0.047640 0.995172 -0.085803 10.052400 -0.094695 0.090014 0.991428 -1.105100 0.000000 0.000000 0.000000 1.000000
0.993211 -0.034323 0.111151 0.000000 0.044167 0.995198 -0.087351 10.052400 -0.107619 0.091667 0.989957 -1.105100 0.000000 0.000000 0.000000 1.000000
0.991764 -0.031186 0.124226 -0.000000 0.042254 0.995269 -0.087483 10.052400 -0.120910 0.092011 0.988390 -1.105100 0.000000 0.000000 0.000000 1.000000
0.989959 -0.028344 0.138487 0.000000 0.040558 0.995453 -0.086185 10.052400 -0.135415 0.090936 0.986607 -1.105100 0.000000 0.000000 0.000000 1.000000</float_array>
        <technique_common>
          <accessor source="#mixamorig12_Spine-Matrix-animation-output-transform-array" count="45" stride="16">
            <param type="float4x4"/>
          </accessor>
        </technique_common>
      </source>
      <source id="mixamorig12_Spine-Interpolations">
        <Name_array id="mixamorig12_Spine-Interpolations-array" count="45">
 LINEAR LINEAR LINEAR LINEAR LINEAR LINEAR LINEAR LINEAR LINEAR LINEAR LINEAR
LINEAR LINEAR LINEAR LINEAR LINEAR LINEAR LINEAR LINEAR LINEAR LINEAR LINEAR LINEAR
LINEAR LINEAR LINEAR LINEAR LINEAR LINEAR LINEAR LINEAR LINEAR LINEAR LINEAR LINEAR
LINEAR LINEAR LINEAR LINEAR LINEAR LINEAR LINEAR LINEAR LINEAR LINEAR</Name_array>
        <technique_common>
          <accessor source="#mixamorig12_Spine-Interpolations-array" count="45">
            <param type="name"/>
          </accessor>
        </technique_common>
      </source>
      <sampler id="mixamorig12_Spine-Matrix-animation-transform">
        <input semantic="INPUT" source="#mixamorig12_Spine-Matrix-animation-input"/>
        <input semantic="OUTPUT" source="#mixamorig12_Spine-Matrix-animation-output-transform"/>
        <input semantic="INTERPOLATION" source="#mixamorig12_Spine-Interpolations"/>
      </sampler>
      <channel source="#mixamorig12_Spine-Matrix-animation-transform" target="mixamorig12_Spine/matrix"/>
    </animation>
    <animation id="mixamorig12_Spine1-anim" name="mixamorig12_Spine1">
      <source id="mixamorig12_Spine1-Matrix-animation-input">
        <float_array id="mixamorig12_Spine1-Matrix-animation-input-array" count="45">

0.000000 0.033333 0.066667 0.100000 0.133333 0.166667 0.200000 0.233333 0.266667 0.300000 0.333333 0.366667 0.400000 0.433333 0.466667 0.500000
0.533333 0.566667 0.600000 0.633333 0.666667 0.700000 0.733333 0.766667 0.800000 0.833333 0.866667 0.900000 0.933333 0.966667 1.000000 1.033333
1.066667 1.100000 1.133333 1.166667 1.200000 1.233333 1.266667 1.300000 1.333333 1.366667 1.400000 1.433333 1.466667</float_array>
        <technique_common>
          <accessor source="#mixamorig12_Spine1-Matrix-animation-input-array" count="45">
            <param name="TIME" type="float"/>
          </accessor>
        </technique_common>
      </source>
      <source id="mixamorig12_Spine1-Matrix-animation-output-transform">
        <float_array id="mixamorig12_Spine1-Matrix-animation-output-transform-array" count="720">

0.999333 0.001919 0.036460 -0.000000 0.000571 0.997676 -0.068140 11.798400 -0.036506 0.068115 0.997009 0.000000 0.000000 0.000000 0.000000 1.000000
0.999185 0.001223 0.040336 -0.000000 0.001537 0.997662 -0.068320 11.798400 -0.040326 0.068326 0.996848 0.000000 0.000000 0.000000 0.000000 1.000000
0.999038 0.000619 0.043851 0.000000 0.002360 0.997693 -0.067845 11.798400 -0.043792 0.067883 0.996732 0.000000 0.000000 0.000000 0.000000 1.000000
0.998929 0.000078 0.046262 -0.000000 0.002997 0.997788 -0.066403 11.798400 -0.046165 0.066471 0.996720 0.000000 0.000000 0.000000 0.000000 1.000000
0.998890 -0.000296 0.047106 0.000000 0.003310 0.997949 -0.063931 11.798400 -0.046990 0.064016 0.996842 0.000000 0.000000 0.000000 0.000000 1.000000
0.998916 -0.000340 0.046545 -0.000000 0.003162 0.998159 -0.060567 11.798400 -0.046438 0.060649 0.997078 -0.000000 0.000000 0.000000 0.000000 1.000000
0.998973 0.000107 0.045300 0.000000 0.002459 0.998394 -0.056591 11.798400 -0.045233 0.056644 0.997369 0.000000 0.000000 0.000000 0.000000 1.000000
0.999023 0.001166 0.044172 0.000000 0.001157 0.998619 -0.052527 11.798400 -0.044172 0.052527 0.997642 0.000000 0.000000 0.000000 0.000000 1.000000
0.999046 0.002968 0.043565 0.000000 -0.000819 0.998786 -0.049262 11.798400 -0.043658 0.049179 0.997835 -0.000000 0.000000 0.000000 0.000000 1.000000
0.999040 0.005679 0.043444 -0.000000 -0.003602 0.998853 -0.047739 11.798400 -0.043665 0.047537 0.997915 0.000000 0.000000 0.000000 0.000000 1.000000
0.999003 0.009270 0.043664 -0.000000 -0.007161 0.998812 -0.048204 11.798400 -0.044058 0.047844 0.997883 0.000000 0.000000 0.000000 0.000000 1.000000
0.998940 0.013198 0.044092 0.000000 -0.011000 0.998702 -0.049725 11.798400 -0.044691 0.049187 0.997789 0.000000 0.000000 0.000000 0.000000 1.000000
0.998882 0.016537 0.044290 0.000000 -0.014283 0.998611 -0.050720 11.798400 -0.045068 0.050031 0.997730 0.000000 0.000000 0.000000 0.000000 1.000000
0.998888 0.018511 0.043359 -0.000000 -0.016329 0.998607 -0.050165 11.798400 -0.044228 0.049401 0.997799 0.000000 0.000000 0.000000 0.000000 1.000000
0.999000 0.018857 0.040537 0.000000 -0.016893 0.998692 -0.048264 11.798400 -0.041394 0.047531 0.998012 -0.000000 0.000000 0.000000 0.000000 1.000000
0.999195 0.017708 0.035997 0.000000 -0.016044 0.998812 -0.046003 11.798400 -0.036769 0.045389 0.998292 0.000000 0.000000 0.000000 0.000000 1.000000
0.999406 0.015406 0.030816 0.000000 -0.014034 0.998921 -0.044265 11.798400 -0.031465 0.043806 0.998544 0.000000 0.000000 0.000000 0.000000 1.000000
0.999582 0.012464 0.026071 -0.000000 -0.011325 0.998994 -0.043399 11.798400 -0.026585 0.043085 0.998718 -0.000000 0.000000 0.000000 0.000000 1.000000
0.999711 0.009432 0.022104 0.000000 -0.008468 0.999026 -0.043314 11.798400 -0.022491 0.043115 0.998817 0.000000 0.000000 0.000000 0.000000 1.000000
0.999804 0.006615 0.018636 0.000000 -0.005795 0.999027 -0.043709 11.798400 -0.018907 0.043593 0.998870 0.000000 0.000000 0.000000 0.000000 1.000000
0.999874 0.004037 0.015360 0.000000 -0.003354 0.999016 -0.044234 11.798400 -0.015523 0.044176 0.998903 0.000000 0.000000 0.000000 0.000000 1.000000
0.999924 0.001675 0.012220 -0.000000 -0.001128 0.999006 -0.044571 11.798400 -0.012282 0.044554 0.998931 0.000000 0.000000 0.000000 0.000000 1.000000
0.999957 -0.000429 0.009246 -0.000000 0.000840 0.999009 -0.044511 11.798400 -0.009218 0.044516 0.998966 -0.000000 0.000000 0.000000 0.000000 1.000000
0.999977 -0.002227 0.006389 -0.000000 0.002506 0.999027 -0.044020 11.798400 -0.006284 0.044035 0.999010 0.000000 0.000000 0.000000 0.000000 1.000000
0.999987 -0.003726 0.003603 0.000000 0.003878 0.999059 -0.043207 11.798400 -0.003438 0.043220 0.999060 0.000000 0.000000 0.000000 0.000000 1.000000
0.999987 -0.004983 0.001056 -0.000000 0.005023 0.999099 -0.042152 11.798400 -0.000845 0.042156 0.999111 -0.000000 0.000000 0.000000 0.000000 1.000000
0.999981 -0.006037 -0.000762 0.000000 0.006001 0.999147 -0.040846 11.798400 0.001008 0.040841 0.999165 0.000000 0.000000 0.000000 0.000000 1.000000
0.999976 -0.006764 -0.001246 0.000000 0.006709 0.999201 -0.039392 11.798400 0.001512 0.039382 0.999223 -0.000000 0.000000 0.000000 0.000000 1.000000
0.999977 -0.006740 -0.000203 0.000000 0.006727 0.999246 -0.038232 11.798400 0.000461 0.038230 0.999269 0.000000 0.000000 0.000000 0.000000 1.000000
0.999984 -0.005427 0.001851 0.000000 0.005493 0.999263 -0.037992 11.798400 -0.001644 0.038002 0.999276 -0.000000 0.000000 0.000000 0.000000 1.000000
0.999988 -0.002823 0.003922 0.000000 0.002974 0.999235 -0.038998 11.798400 -0.003808 0.039010 0.999232 -0.000000 0.000000 0.000000 0.000000 1.000000
0.999987 0.000133 0.005045 0.000000 0.000074 0.999159 -0.041007 11.798400 -0.005047 0.041007 0.999146 0.000000 0.000000 0.000000 0.000000 1.000000
0.999985 0.002256 0.004918 0.000000 -0.002041 0.999057 -0.043376 11.798400 -0.005011 0.043366 0.999047 0.000000 0.000000 0.000000 0.000000 1.000000
0.999986 0.003294 0.004217 -0.000000 -0.003099 0.998956 -0.045579 11.798400 -0.004363 0.045566 0.998952 -0.000000 0.000000 0.000000 0.000000 1.000000
0.999983 0.004126 0.004149 0.000000 -0.003924 0.998857 -0.047628 11.798400 -0.004340 0.047611 0.998857 -0.000000 0.000000 0.000000 0.000000 1.000000
0.999969 0.005678 0.005506 0.000000 -0.005395 0.998735 -0.049987 11.798400 -0.005783 0.049955 0.998735 0.000000 0.000000 0.000000 0.000000 1.000000
0.999936 0.007841 0.008198 0.000000 -0.007396 0.998566 -0.053021 11.798400 -0.008602 0.052957 0.998560 0.000000 0.000000 0.000000 0.000000 1.000000
0.999886 0.009619 0.011630 -0.000000 -0.008946 0.998358 -0.056576 11.798400 -0.012155 0.056465 0.998331 0.000000 0.000000 0.000000 0.000000 1.000000
0.999831 0.010167 0.015316 0.000000 -0.009229 0.998151 -0.060084 11.798400 -0.015899 0.059932 0.998076 0.000000 0.000000 0.000000 0.000000 1.000000
0.999774 0.009428 0.019038 -0.000000 -0.008211 0.997979 -0.063004 11.798400 -0.019594 0.062834 0.997832 0.000000 0.000000 0.000000 0.000000 1.000000
0.999712 0.007875 0.022665 0.000000 -0.006385 0.997859 -0.065088 11.798400 -0.023129 0.064924 0.997622 0.000000 0.000000 0.000000 0.000000 1.000000
0.999641 0.006020 0.026096 0.000000 -0.004276 0.997785 -0.066385 11.798400 -0.026438 0.066250 0.997453 0.000000 0.000000 0.000000 0.000000 1.000000
0.999559 0.004264 0.029386 0.000000 -0.002282 0.997740 -0.067151 11.798400 -0.029606 0.067054 0.997310 -0.000000 0.000000 0.000000 0.000000 1.000000
0.999459 0.002879 0.032771 0.000000 -0.000655 0.997706 -0.067691 11.798400 -0.032891 0.067633 0.997168 0.000000 0.000000 0.000000 0.000000 1.000000
0.999333 0.001919 0.036460 -0.000000 0.000571 0.997676 -0.068140 11.798400 -0.036506 0.068115 0.997009 0.000000 0.000000 0.000000 0.000000 1.000000</float_array>
        <technique_common>
          <accessor source="#mixamorig12_Spine1-Matrix-animation-output-transform-array" count="45" stride="16">
            <param type="float4x4"/>
          </accessor>
        </technique_common>
      </source>
      <source id="mixamorig12_Spine1-Interpolations">
        <Name_array id="mixamorig12_Spine1-Interpolations-array" count="45">
 LINEAR LINEAR LINEAR LINEAR LINEAR LINEAR LINEAR LINEAR LINEAR LINEAR LINEAR
LINEAR LINEAR LINEAR LINEAR LINEAR LINEAR LINEAR LINEAR LINEAR LINEAR LINEAR LINEAR
LINEAR LINEAR LINEAR LINEAR LINEAR LINEAR LINEAR LINEAR LINEAR LINEAR LINEAR LINEAR
LINEAR LINEAR LINEAR LINEAR LINEAR LINEAR LINEAR LINEAR LINEAR LINEAR</Name_array>
        <technique_common>
          <accessor source="#mixamorig12_Spine1-Interpolations-array" count="45">
            <param type="name"/>
          </accessor>
        </technique_common>
      </source>
      <sampler id="mixamorig12_Spine1-Matrix-animation-transform">
        <input semantic="INPUT" source="#mixamorig12_Spine1-Matrix-animation-input"/>
        <input semantic="OUTPUT" source="#mixamorig12_Spine1-Matrix-animation-output-transform"/>
        <input semantic="INTERPOLATION" source="#mixamorig12_Spine1-Interpolations"/>
      </sampler>
      <channel source="#mixamorig12_Spine1-Matrix-animation-transform" target="mixamorig12_Spine1/matrix"/>
    </animation>
    <animation id="mixamorig12_Spine2-anim" name="mixamorig12_Spine2">
      <source id="mixamorig12_Spine2-Matrix-animation-input">
        <float_array id="mixamorig12_Spine2-Matrix-animation-input-array" count="45">

0.000000 0.033333 0.066667 0.100000 0.133333 0.166667 0.200000 0.233333 0.266667 0.300000 0.333333 0.366667 0.400000 0.433333 0.466667 0.500000
0.533333 0.566667 0.600000 0.633333 0.666667 0.700000 0.733333 0.766667 0.800000 0.833333 0.866667 0.900000 0.933333 0.966667 1.000000 1.033333
1.066667 1.100000 1.133333 1.166667 1.200000 1.233333 1.266667 1.300000 1.333333 1.366667 1.400000 1.433333 1.466667</float_array>
        <technique_common>
          <accessor source="#mixamorig12_Spine2-Matrix-animation-input-array" count="45">
            <param name="TIME" type="float"/>
          </accessor>
        </technique_common>
      </source>
      <source id="mixamorig12_Spine2-Matrix-animation-output-transform">
        <float_array id="mixamorig12_Spine2-Matrix-animation-output-transform-array" count="720">

0.999336 0.002066 0.036366 -0.000000 0.000417 0.997676 -0.068135 13.483900 -0.036422 0.068105 0.997013 -0.000000 0.000000 0.000000 0.000000 1.000000
0.999188 0.001358 0.040277 0.000000 0.001396 0.997665 -0.068290 13.483900 -0.040276 0.068291 0.996852 0.000000 0.000000 0.000000 0.000000 1.000000
0.999039 0.000733 0.043826 -0.000000 0.002241 0.997698 -0.067783 13.483900 -0.043775 0.067816 0.996737 -0.000000 0.000000 0.000000 0.000000 1.000000
0.998929 0.000166 0.046269 -0.000000 0.002905 0.997795 -0.066303 13.483900 -0.046178 0.066367 0.996726 -0.000000 0.000000 0.000000 0.000000 1.000000
0.998888 -0.000237 0.047136 0.000000 0.003248 0.997958 -0.063799 13.483900 -0.047025 0.063881 0.996849 0.000000 0.000000 0.000000 0.000000 1.000000
0.998914 -0.000311 0.046587 0.000000 0.003129 0.998168 -0.060425 13.483900 -0.046483 0.060505 0.997085 0.000000 0.000000 0.000000 0.000000 1.000000
0.998971 0.000111 0.045345 0.000000 0.002452 0.998401 -0.056467 13.483900 -0.045279 0.056520 0.997374 0.000000 0.000000 0.000000 0.000000 1.000000
0.999021 0.001158 0.044217 -0.000000 0.001164 0.998624 -0.052436 13.483900 -0.044217 0.052436 0.997645 0.000000 0.000000 0.000000 0.000000 1.000000
0.999044 0.002963 0.043615 0.000000 -0.000815 0.998789 -0.049189 13.483900 -0.043708 0.049106 0.997837 0.000000 0.000000 0.000000 0.000000 1.000000
0.999037 0.005682 0.043508 0.000000 -0.003606 0.998858 -0.047648 13.483900 -0.043729 0.047445 0.997916 0.000000 0.000000 0.000000 0.000000 1.000000
0.998999 0.009263 0.043754 -0.000000 -0.007156 0.998818 -0.048067 13.483900 -0.044147 0.047706 0.997885 0.000000 0.000000 0.000000 0.000000 1.000000
0.998935 0.013156 0.044218 0.000000 -0.010960 0.998712 -0.049540 13.483900 -0.044813 0.049003 0.997793 0.000000 0.000000 0.000000 0.000000 1.000000
0.998876 0.016450 0.044454 0.000000 -0.014198 0.998623 -0.050501 13.483900 -0.045223 0.049813 0.997734 0.000000 0.000000 0.000000 0.000000 1.000000
0.998882 0.018405 0.043553 0.000000 -0.016224 0.998621 -0.049926 13.483900 -0.044412 0.049163 0.997803 0.000000 0.000000 0.000000 0.000000 1.000000
0.998993 0.018781 0.040749 -0.000000 -0.016817 0.998705 -0.048021 13.483900 -0.041598 0.047288 0.998015 0.000000 0.000000 0.000000 0.000000 1.000000
0.999187 0.017701 0.036216 0.000000 -0.016035 0.998823 -0.045775 13.483900 -0.036984 0.045157 0.998295 0.000000 0.000000 0.000000 0.000000 1.000000
0.999399 0.015467 0.031038 0.000000 -0.014091 0.998929 -0.044064 13.483900 -0.031686 0.043600 0.998546 0.000000 0.000000 0.000000 0.000000 1.000000
0.999575 0.012560 0.026296 -0.000000 -0.011416 0.999000 -0.043223 13.483900 -0.026813 0.042904 0.998719 -0.000000 0.000000 0.000000 0.000000 1.000000
0.999705 0.009529 0.022328 0.000000 -0.008559 0.999032 -0.043158 13.483900 -0.022718 0.042955 0.998819 -0.000000 0.000000 0.000000 0.000000 1.000000
0.999800 0.006697 0.018849 -0.000000 -0.005870 0.999033 -0.043574 13.483900 -0.019123 0.043454 0.998872 -0.000000 0.000000 0.000000 0.000000 1.000000
0.999871 0.004103 0.015555 0.000000 -0.003413 0.999020 -0.044121 13.483900 -0.015721 0.044062 0.998905 -0.000000 0.000000 0.000000 0.000000 1.000000
0.999922 0.001728 0.012396 0.000000 -0.001175 0.999009 -0.044484 13.483900 -0.012460 0.044465 0.998933 0.000000 0.000000 0.000000 0.000000 1.000000
0.999956 -0.000388 0.009407 0.000000 0.000806 0.999011 -0.044446 13.483900 -0.009380 0.044452 0.998967 0.000000 0.000000 0.000000 0.000000 1.000000
0.999976 -0.002199 0.006538 0.000000 0.002485 0.999029 -0.043977 13.483900 -0.006435 0.043992 0.999011 0.000000 0.000000 0.000000 0.000000 1.000000
0.999986 -0.003712 0.003740 0.000000 0.003870 0.999060 -0.043184 13.483900 -0.003577 0.043198 0.999060 -0.000000 0.000000 0.000000 0.000000 1.000000
0.999987 -0.004982 0.001183 -0.000000 0.005028 0.999099 -0.042148 13.483900 -0.000972 0.042153 0.999111 0.000000 0.000000 0.000000 0.000000 1.000000
0.999982 -0.006045 -0.000639 -0.000000 0.006014 0.999147 -0.040857 13.483900 0.000885 0.040852 0.999165 -0.000000 0.000000 0.000000 0.000000 1.000000
0.999976 -0.006773 -0.001115 -0.000000 0.006724 0.999201 -0.039404 13.483900 0.001381 0.039396 0.999223 0.000000 0.000000 0.000000 0.000000 1.000000
0.999977 -0.006741 -0.000057 0.000000 0.006734 0.999246 -0.038234 13.483900 0.000315 0.038233 0.999269 0.000000 0.000000 0.000000 0.000000 1.000000
0.999983 -0.005414 0.001997 0.000000 0.005486 0.999263 -0.037979 13.483900 -0.001790 0.037990 0.999277 0.000000 0.000000 0.000000 0.000000 1.000000
0.999988 -0.002797 0.004033 -0.000000 0.002952 0.999236 -0.038982 13.483900 -0.003921 0.038993 0.999232 -0.000000 0.000000 0.000000 0.000000 1.000000
0.999987 0.000165 0.005085 -0.000000 0.000044 0.999159 -0.041003 13.483900 -0.005088 0.041002 0.999146 0.000000 0.000000 0.000000 0.000000 1.000000
0.999986 0.002285 0.004868 0.000000 -0.002072 0.999056 -0.043392 13.483900 -0.004962 0.043381 0.999046 -0.000000 0.000000 0.000000 0.000000 1.000000
0.999986 0.003316 0.004083 0.000000 -0.003126 0.998954 -0.045612 13.483900 -0.004230 0.045598 0.998951 0.000000 0.000000 0.000000 0.000000 1.000000
0.999984 0.004145 0.003944 -0.000000 -0.003953 0.998855 -0.047674 13.483900 -0.004137 0.047658 0.998855 0.000000 0.000000 0.000000 0.000000 1.000000
0.999970 0.005704 0.005237 0.000000 -0.005434 0.998732 -0.050053 13.483900 -0.005515 0.050023 0.998733 0.000000 0.000000 0.000000 0.000000 1.000000
0.999938 0.007878 0.007864 0.000000 -0.007450 0.998560 -0.053121 13.483900 -0.008271 0.053059 0.998557 -0.000000 0.000000 0.000000 0.000000 1.000000
0.999890 0.009668 0.011251 0.000000 -0.009015 0.998350 -0.056708 13.483900 -0.011781 0.056601 0.998327 0.000000 0.000000 0.000000 0.000000 1.000000
0.999836 0.010227 0.014935 -0.000000 -0.009310 0.998141 -0.060233 13.483900 -0.015524 0.060084 0.998073 0.000000 0.000000 0.000000 0.000000 1.000000
0.999780 0.009502 0.018699 -0.000000 -0.008304 0.997970 -0.063143 13.483900 -0.019261 0.062974 0.997829 0.000000 0.000000 0.000000 0.000000 1.000000
0.999718 0.007967 0.022388 -0.000000 -0.006492 0.997851 -0.065196 13.483900 -0.022859 0.065033 0.997621 -0.000000 0.000000 0.000000 0.000000 1.000000
0.999646 0.006132 0.025878 0.000000 -0.004401 0.997780 -0.066457 13.483900 -0.026228 0.066320 0.997454 -0.000000 0.000000 0.000000 0.000000 1.000000
0.999563 0.004395 0.029216 0.000000 -0.002423 0.997737 -0.067191 13.483900 -0.029445 0.067091 0.997312 0.000000 0.000000 0.000000 0.000000 1.000000
0.999463 0.003024 0.032641 0.000000 -0.000808 0.997705 -0.067707 13.483900 -0.032771 0.067644 0.997171 -0.000000 0.000000 0.000000 0.000000 1.000000
0.999336 0.002066 0.036366 0.000000 0.000417 0.997676 -0.068135 13.483900 -0.036422 0.068105 0.997013 0.000000 0.000000 0.000000 0.000000 1.000000</float_array>
        <technique_common>
          <accessor source="#mixamorig12_Spine2-Matrix-animation-output-transform-array" count="45" stride="16">
            <param type="float4x4"/>
          </accessor>
        </technique_common>
      </source>
      <source id="mixamorig12_Spine2-Interpolations">
        <Name_array id="mixamorig12_Spine2-Interpolations-array" count="45">
 LINEAR LINEAR LINEAR LINEAR LINEAR LINEAR LINEAR LINEAR LINEAR LINEAR LINEAR
LINEAR LINEAR LINEAR LINEAR LINEAR LINEAR LINEAR LINEAR LINEAR LINEAR LINEAR LINEAR
LINEAR LINEAR LINEAR LINEAR LINEAR LINEAR LINEAR LINEAR LINEAR LINEAR LINEAR LINEAR
LINEAR LINEAR LINEAR LINEAR LINEAR LINEAR LINEAR LINEAR LINEAR LINEAR</Name_array>
        <technique_common>
          <accessor source="#mixamorig12_Spine2-Interpolations-array" count="45">
            <param type="name"/>
          </accessor>
        </technique_common>
      </source>
      <sampler id="mixamorig12_Spine2-Matrix-animation-transform">
        <input semantic="INPUT" source="#mixamorig12_Spine2-Matrix-animation-input"/>
        <input semantic="OUTPUT" source="#mixamorig12_Spine2-Matrix-animation-output-transform"/>
        <input semantic="INTERPOLATION" source="#mixamorig12_Spine2-Interpolations"/>
      </sampler>
      <channel source="#mixamorig12_Spine2-Matrix-animation-transform" target="mixamorig12_Spine2/matrix"/>
    </animation>
    <animation id="mixamorig12_Neck-anim" name="mixamorig12_Neck">
      <source id="mixamorig12_Neck-Matrix-animation-input">
        <float_array id="mixamorig12_Neck-Matrix-animation-input-array" count="45">

0.000000 0.033333 0.066667 0.100000 0.133333 0.166667 0.200000 0.233333 0.266667 0.300000 0.333333 0.366667 0.400000 0.433333 0.466667 0.500000
0.533333 0.566667 0.600000 0.633333 0.666667 0.700000 0.733333 0.766667 0.800000 0.833333 0.866667 0.900000 0.933333 0.966667 1.000000 1.033333
1.066667 1.100000 1.133333 1.166667 1.200000 1.233333 1.266667 1.300000 1.333333 1.366667 1.400000 1.433333 1.466667</float_array>
        <technique_common>
          <accessor source="#mixamorig12_Neck-Matrix-animation-input-array" count="45">
            <param name="TIME" type="float"/>
          </accessor>
        </technique_common>
      </source>
      <source id="mixamorig12_Neck-Matrix-animation-output-transform">
        <float_array id="mixamorig12_Neck-Matrix-animation-output-transform-array" count="720">

0.999009 -0.004244 0.044303 0.000000 0.006730 0.998403 -0.056097 15.169400 -0.043994 0.056340 0.997442 0.000000 0.000000 0.000000 0.000000 1.000000
0.998981 -0.007031 0.044582 0.000000 0.009489 0.998431 -0.055180 15.169400 -0.044124 0.055547 0.997481 0.000000 0.000000 0.000000 0.000000 1.000000
0.998937 -0.009948 0.045018 0.000000 0.012371 0.998472 -0.053858 15.169400 -0.044413 0.054358 0.997533 0.000000 0.000000 0.000000 0.000000 1.000000
0.998870 -0.012432 0.045866 0.000000 0.014814 0.998539 -0.051962 15.169400 -0.045153 0.052583 0.997595 -0.000000 0.000000 0.000000 0.000000 1.000000
0.998786 -0.013767 0.047305 0.000000 0.016114 0.998639 -0.049600 15.169400 -0.046558 0.050302 0.997648 0.000000 0.000000 0.000000 0.000000 1.000000
0.998702 -0.013438 0.049123 0.000000 0.015747 0.998774 -0.046927 15.169400 -0.048432 0.047640 0.997690 0.000000 0.000000 0.000000 0.000000 1.000000
0.998640 -0.011345 0.050885 -0.000000 0.013580 0.998948 -0.043792 15.169400 -0.050335 0.044424 0.997744 0.000000 0.000000 0.000000 0.000000 1.000000
0.998594 -0.007605 0.052453 -0.000000 0.009698 0.999162 -0.039757 15.169400 -0.052107 0.040209 0.997832 -0.000000 0.000000 0.000000 0.000000 1.000000
0.998535 -0.002238 0.054066 -0.000000 0.004112 0.999394 -0.034573 15.169400 -0.053956 0.034745 0.997939 -0.000000 0.000000 0.000000 0.000000 1.000000
0.998430 0.004743 0.055817 0.000000 -0.003141 0.999582 -0.028749 15.169400 -0.055930 0.028528 0.998027 0.000000 0.000000 0.000000 0.000000 1.000000
0.998273 0.012790 0.057328 0.000000 -0.011445 0.999653 -0.023714 15.169400 -0.057612 0.023017 0.998074 0.000000 0.000000 0.000000 0.000000 1.000000
0.998088 0.020588 0.058281 -0.000000 -0.019378 0.999586 -0.021263 15.169400 -0.058694 0.020093 0.998074 -0.000000 0.000000 0.000000 0.000000 1.000000
0.997890 0.026774 0.059147 -0.000000 -0.025485 0.999423 -0.022437 15.169400 -0.059714 0.020882 0.997997 -0.000000 0.000000 0.000000 0.000000 1.000000
