<?xml version="1.0" encoding="utf-8"?>
<COLLADA xmlns="http://www.collada.org/2005/11/COLLADASchema" version="1.4.1">
  <asset>
    <contributor>
      <author>Mixamo</author>
      <authoring_tool>COLLADA Mixamo exporter</authoring_tool>
      <comments/>
    </contributor>
    <created>2025-06-01T04:50:48Z</created>
    <modified>2025-06-01T04:50:48Z</modified>
    <revision/>
    <title/>
    <unit meter="0.010000"/>
    <up_axis>Y_UP</up_axis>
  </asset>
  <library_animations>
    <animation id="mixamorig12_Hips-anim" name="mixamorig12_Hips">
      <source id="mixamorig12_Hips-Matrix-animation-input">
        <float_array id="mixamorig12_Hips-Matrix-animation-input-array" count="45">

0.000000 0.033333 0.066667 0.100000 0.133333 0.166667 0.200000 0.233333 0.266667 0.300000 0.333333 0.366667 0.400000 0.433333 0.466667 0.500000
0.533333 0.566667 0.600000 0.633333 0.666667 0.700000 0.733333 0.766667 0.800000 0.833333 0.866667 0.900000 0.933333 0.966667 1.000000 1.033333
1.066667 1.100000 1.133333 1.166667 1.200000 1.233333 1.266667 1.300000 1.333333 1.366667 1.400000 1.433333 1.466667</float_array>
        <technique_common>
          <accessor source="#mixamorig12_Hips-Matrix-animation-input-array" count="45">
            <param name="TIME" type="float"/>
          </accessor>
        </technique_common>
      </source>
      <source id="mixamorig12_Hips-Matrix-animation-output-transform">
        <float_array id="mixamorig12_Hips-Matrix-animation-output-transform-array" count="720">

0.783848 -0.082810 0.615406 -0.016025 0.064762 0.996565 0.051612 97.801109 -0.617567 -0.000601 0.786518 0.181178 0.000000 0.000000 0.000000 1.000000
0.800707 -0.079183 0.593800 -0.160531 0.063453 0.996860 0.047369 97.985016 -0.595687 -0.000250 0.803217 0.165022 0.000000 0.000000 0.000000 1.000000
0.819313 -0.071970 0.568812 -0.259003 0.059899 0.997406 0.039920 97.959976 -0.570209 0.001365 0.821498 0.112276 0.000000 0.000000 0.000000 1.000000
0.838376 -0.062626 0.541483 -0.308697 0.054770 0.998029 0.030629 97.937546 -0.542334 0.003979 0.840154 0.063864 0.000000 0.000000 0.000000 1.000000
0.856449 -0.051636 0.513642 -0.259109 0.047813 0.998642 0.020668 97.896553 -0.514012 0.006858 0.857755 0.053288 0.000000 0.000000 0.000000 1.000000
0.872418 -0.039157 0.487189 -0.028074 0.038719 0.999190 0.010973 97.772156 -0.487224 0.009290 0.873228 0.091351 0.000000 0.000000 0.000000 1.000000
0.885331 -0.027178 0.464167 0.441778 0.029051 0.999573 0.003116 97.522499 -0.464053 0.010726 0.885742 0.076947 0.000000 0.000000 0.000000 1.000000
0.894858 -0.020341 0.445888 1.122215 0.023066 0.999734 -0.000686 97.274925 -0.445755 0.010899 0.895089 -0.066437 0.000000 0.000000 0.000000 1.000000
0.902257 -0.023218 0.430572 1.940933 0.025385 0.999678 0.000713 97.124031 -0.430450 0.010287 0.902556 -0.296057 0.000000 0.000000 0.000000 1.000000
0.909821 -0.036691 0.413376 2.847762 0.037571 0.999276 0.006001 97.002274 -0.413297 0.010071 0.910541 -0.577775 0.000000 0.000000 0.000000 1.000000
0.918594 -0.057167 0.391047 3.812113 0.056784 0.998308 0.012553 96.864876 -0.391103 0.010674 0.920285 -0.932339 0.000000 0.000000 0.000000 1.000000
0.927156 -0.078161 0.366431 4.830755 0.076497 0.996887 0.019084 96.723145 -0.366782 0.010337 0.930249 -1.323304 0.000000 0.000000 0.000000 1.000000
0.932978 -0.094749 0.347240 5.831153 0.091246 0.995477 0.026465 96.651764 -0.348177 0.006993 0.937403 -1.681267 0.000000 0.000000 0.000000 1.000000
0.934453 -0.105765 0.340017 6.672264 0.099581 0.994391 0.035641 96.603508 -0.341879 0.000554 0.939744 -2.002355 0.000000 0.000000 0.000000 1.000000
0.931727 -0.112024 0.345450 7.248919 0.102407 0.993677 0.046027 96.512573 -0.348421 -0.007508 0.937308 -2.304541 0.000000 0.000000 0.000000 1.000000
0.926291 -0.113762 0.359227 7.588484 0.099990 0.993368 0.056755 96.437737 -0.363301 -0.016653 0.931523 -2.554394 0.000000 0.000000 0.000000 1.000000
0.919856 -0.111204 0.376164 7.780039 0.092378 0.993414 0.067781 96.489799 -0.381224 -0.027600 0.924071 -2.726362 0.000000 0.000000 0.000000 1.000000
0.913451 -0.106144 0.392862 7.816056 0.081647 0.993557 0.078601 96.562477 -0.398673 -0.039722 0.916232 -2.815902 0.000000 0.000000 0.000000 1.000000
0.907345 -0.101136 0.408039 7.715217 0.071382 0.993600 0.087542 96.591354 -0.414281 -0.050304 0.908758 -2.881971 0.000000 0.000000 0.000000 1.000000
0.901209 -0.097677 0.422235 7.501447 0.063927 0.993574 0.093404 96.607269 -0.428645 -0.057184 0.901661 -2.949494 0.000000 0.000000 0.000000 1.000000
0.894220 -0.096021 0.437207 7.181962 0.059492 0.993551 0.096526 96.593292 -0.443656 -0.060305 0.894166 -2.978526 0.000000 0.000000 0.000000 1.000000
0.885345 -0.095894 0.454939 6.792488 0.057313 0.993546 0.097888 96.529457 -0.461389 -0.060590 0.885127 -2.981363 0.000000 0.000000 0.000000 1.000000
0.873788 -0.096969 0.476542 6.371995 0.056763 0.993557 0.098092 96.430801 -0.482984 -0.058661 0.873662 -2.968180 0.000000 0.000000 0.000000 1.000000
0.859666 -0.098945 0.501183 5.973042 0.057751 0.993598 0.097101 96.299774 -0.507582 -0.054531 0.859876 -2.911091 0.000000 0.000000 0.000000 1.000000
0.844323 -0.101112 0.526208 5.641374 0.060232 0.993720 0.094301 96.107582 -0.532439 -0.047926 0.845111 -2.831254 0.000000 0.000000 0.000000 1.000000
0.829612 -0.102105 0.548925 5.349116 0.063600 0.994019 0.088774 95.872894 -0.554707 -0.038736 0.831144 -2.773622 0.000000 0.000000 0.000000 1.000000
0.816939 -0.100788 0.567848 5.056299 0.067328 0.994546 0.079662 95.626968 -0.572780 -0.026847 0.819269 -2.735641 0.000000 0.000000 0.000000 1.000000
0.806831 -0.097307 0.582713 4.793594 0.071912 0.995184 0.066615 95.339012 -0.586389 -0.011843 0.809943 -2.702456 0.000000 0.000000 0.000000 1.000000
0.798606 -0.092478 0.594707 4.550266 0.077781 0.995697 0.050384 94.988853 -0.596808 0.006020 0.802362 -2.672916 0.000000 0.000000 0.000000 1.000000
0.790571 -0.086082 0.606290 4.224808 0.082993 0.995997 0.033194 94.660217 -0.606720 0.024076 0.794551 -2.673520 0.000000 0.000000 0.000000 1.000000
0.781597 -0.076670 0.619053 3.890376 0.083289 0.996358 0.018241 94.417969 -0.618198 0.037303 0.785137 -2.681250 0.000000 0.000000 0.000000 1.000000
0.772640 -0.063773 0.631634 3.673451 0.075773 0.997093 0.007982 94.297272 -0.630306 0.041693 0.775226 -2.631234 0.000000 0.000000 0.000000 1.000000
0.765742 -0.049509 0.641239 3.517492 0.062426 0.998046 0.002511 94.316444 -0.640111 0.038107 0.767337 -2.500612 0.000000 0.000000 0.000000 1.000000
0.761043 -0.037602 0.647611 3.384152 0.049353 0.998781 -0.000006 94.441299 -0.646821 0.031966 0.761971 -2.332495 0.000000 0.000000 0.000000 1.000000
0.756505 -0.030340 0.653284 3.345235 0.041027 0.999157 -0.001106 94.632751 -0.652700 0.027639 0.757112 -2.118546 0.000000 0.000000 0.000000 1.000000
0.751289 -0.028056 0.659377 3.379138 0.037621 0.999292 -0.000347 94.929871 -0.658901 0.025067 0.751812 -1.832189 0.000000 0.000000 0.000000 1.000000
0.746685 -0.030507 0.664478 3.356245 0.037232 0.999298 0.004041 95.320656 -0.664135 0.021722 0.747297 -1.545090 0.000000 0.000000 0.000000 1.000000
0.743017 -0.036940 0.668252 3.199923 0.038461 0.999182 0.012469 95.703888 -0.668167 0.016437 0.743830 -1.290103 0.000000 0.000000 0.000000 1.000000
0.739163 -0.045099 0.672015 2.852222 0.040353 0.998929 0.022653 95.958923 -0.672317 0.010374 0.740191 -0.997271 0.000000 0.000000 0.000000 1.000000
0.736028 -0.052858 0.674885 2.379215 0.042583 0.998588 0.031770 96.143814 -0.675611 0.005355 0.737239 -0.664650 0.000000 0.000000 0.000000 1.000000
0.737092 -0.060121 0.673112 1.927344 0.045912 0.998189 0.038879 96.484512 -0.674231 0.002247 0.738517 -0.347561 0.000000 0.000000 0.000000 1.000000
0.744166 -0.067871 0.664538 1.421877 0.051175 0.997694 0.044590 96.891960 -0.666032 0.000826 0.745923 -0.077623 0.000000 0.000000 0.000000 1.000000
0.755552 -0.075736 0.650696 0.815456 0.057542 0.997128 0.049244 97.269325 -0.652557 0.000236 0.757740 0.109618 0.000000 0.000000 0.000000 1.000000
0.768959 -0.081496 0.634082 0.193522 0.062730 0.996674 0.052025 97.576859 -0.636213 -0.000229 0.771513 0.187621 0.000000 0.000000 0.000000 1.000000
0.783848 -0.082810 0.615406 -0.016025 0.064762 0.996565 0.051612 97.874573 -0.617567 -0.000601 0.786518 0.181178 0.000000 0.000000 0.000000 1.000000</float_array>
        <technique_common>
          <accessor source="#mixamorig12_Hips-Matrix-animation-output-transform-array" count="45" stride="16">
            <param type="float4x4"/>
          </accessor>
        </technique_common>
      </source>
      <source id="mixamorig12_Hips-Interpolations">
        <Name_array id="mixamorig12_Hips-Interpolations-array" count="45">
 LINEAR LINEAR LINEAR LINEAR LINEAR LINEAR LINEAR LINEAR LINEAR LINEAR LINEAR
LINEAR LINEAR LINEAR LINEAR LINEAR LINEAR LINEAR LINEAR LINEAR LINEAR LINEAR LINEAR
LINEAR LINEAR LINEAR LINEAR LINEAR LINEAR LINEAR LINEAR LINEAR LINEAR LINEAR LINEAR
LINEAR LINEAR LINEAR LINEAR LINEAR LINEAR LINEAR LINEAR LINEAR LINEAR</Name_array>
        <technique_common>
          <accessor source="#mixamorig12_Hips-Interpolations-array" count="45">
            <param type="name"/>
          </accessor>
        </technique_common>
      </source>
      <sampler id="mixamorig12_Hips-Matrix-animation-transform">
        <input semantic="INPUT" source="#mixamorig12_Hips-Matrix-animation-input"/>
        <input semantic="OUTPUT" source="#mixamorig12_Hips-Matrix-animation-output-transform"/>
        <input semantic="INTERPOLATION" source="#mixamorig12_Hips-Interpolations"/>
      </sampler>
      <channel source="#mixamorig12_Hips-Matrix-animation-transform" target="mixamorig12_Hips/matrix"/>
    </animation>
    <animation id="mixamorig12_Spine-anim" name="mixamorig12_Spine">
      <source id="mixamorig12_Spine-Matrix-animation-input">
        <float_array id="mixamorig12_Spine-Matrix-animation-input-array" count="45">

0.000000 0.033333 0.066667 0.100000 0.133333 0.166667 0.200000 0.233333 0.266667 0.300000 0.333333 0.366667 0.400000 0.433333 0.466667 0.500000
0.533333 0.566667 0.600000 0.633333 0.666667 0.700000 0.733333 0.766667 0.800000 0.833333 0.866667 0.900000 0.933333 0.966667 1.000000 1.033333
1.066667 1.100000 1.133333 1.166667 1.200000 1.233333 1.266667 1.300000 1.333333 1.366667 1.400000 1.433333 1.466667</float_array>
        <technique_common>
          <accessor source="#mixamorig12_Spine-Matrix-animation-input-array" count="45">
            <param name="TIME" type="float"/>
          </accessor>
        </technique_common>
      </source>
      <source id="mixamorig12_Spine-Matrix-animation-output-transform">
        <float_array id="mixamorig12_Spine-Matrix-animation-output-transform-array" count="720">

0.998513 -0.045602 -0.029881 0.000000 0.044710 0.998554 -0.029844 10.052400 0.031199 0.028464 0.999108 -1.105100 0.000000 0.000000 0.000000 1.000000
0.998937 -0.041561 -0.019959 -0.000000 0.040924 0.998670 -0.031357 10.052400 0.021235 0.030507 0.999309 -1.105100 0.000000 0.000000 0.000000 1.000000
0.999197 -0.038657 -0.010507 -0.000000 0.038287 0.998708 -0.033408 10.052400 0.011785 0.032979 0.999387 -1.105100 0.000000 0.000000 0.000000 1.000000
0.999326 -0.036636 -0.002091 0.000000 0.036541 0.998718 -0.035033 10.052400 0.003372 0.034933 0.999384 -1.105100 0.000000 0.000000 0.000000 1.000000
0.999333 -0.036330 0.003585 0.000000 0.036431 0.998748 -0.034267 10.052400 -0.002335 0.034375 0.999406 -1.105100 0.000000 0.000000 0.000000 1.000000
0.999240 -0.038748 0.004335 0.000000 0.038861 0.998791 -0.030091 10.052400 -0.003164 0.030237 0.999538 -1.105100 0.000000 0.000000 0.000000 1.000000
0.999092 -0.042609 -0.000601 0.000000 0.042581 0.998793 -0.024496 10.052400 0.001644 0.024448 0.999700 -1.105100 0.000000 0.000000 0.000000 1.000000
0.999043 -0.042724 -0.009332 -0.000000 0.042516 0.998866 -0.021404 10.052400 0.010236 0.020987 0.999727 -1.105100 0.000000 0.000000 0.000000 1.000000
0.999297 -0.032875 -0.018011 0.000000 0.032454 0.999204 -0.023216 10.052400 0.018760 0.022615 0.999568 -1.105100 0.000000 0.000000 0.000000 1.000000
0.999676 -0.011379 -0.022759 0.000000 0.010713 0.999517 -0.029175 10.052400 0.023080 0.028922 0.999315 -1.105100 0.000000 0.000000 0.000000 1.000000
0.999610 0.016925 -0.022215 0.000000 -0.017735 0.999166 -0.036770 10.052400 0.021575 0.037149 0.999077 -1.105100 0.000000 0.000000 0.000000 1.000000
0.998871 0.043563 -0.018965 0.000000 -0.044363 0.998046 -0.044009 10.052400 0.017011 0.044801 0.998851 -1.105100 0.000000 0.000000 0.000000 1.000000
0.997858 0.062932 -0.017847 0.000000 -0.063759 0.996694 -0.050352 10.052400 0.014619 0.051382 0.998572 -1.105100 0.000000 0.000000 0.000000 1.000000
0.996968 0.074586 -0.022193 0.000000 -0.075728 0.995550 -0.056089 10.052400 0.017911 0.057600 0.998179 -1.105100 0.000000 0.000000 0.000000 1.000000
0.996266 0.080255 -0.031818 0.000000 -0.082095 0.994724 -0.061522 10.052400 0.026712 0.063904 0.997598 -1.105100 0.000000 0.000000 0.000000 1.000000
0.995763 0.080511 -0.044431 0.000000 -0.083373 0.994274 -0.066847 10.052400 0.038795 0.070268 0.996773 -1.105100 0.000000 0.000000 0.000000 1.000000
0.995477 0.075164 -0.058096 -0.000000 -0.079286 0.994232 -0.072228 10.052400 0.052332 0.076508 0.995695 -1.105100 0.000000 0.000000 0.000000 1.000000
0.995241 0.065672 -0.071985 0.000000 -0.071224 0.994446 -0.077482 10.052400 0.066497 0.082240 0.994392 -1.105100 0.000000 0.000000 0.000000 1.000000
0.994771 0.055569 -0.085691 0.000000 -0.062621 0.994668 -0.081938 10.052400 0.080681 0.086876 0.992947 -1.105100 0.000000 0.000000 0.000000 1.000000
0.993949 0.047860 -0.098865 0.000000 -0.056351 0.994790 -0.084953 10.052400 0.094284 0.090010 0.991468 -1.105100 0.000000 0.000000 0.000000 1.000000
0.992818 0.042985 -0.111650 -0.000000 -0.052790 0.994861 -0.086400 10.052400 0.107362 0.091673 0.989985 -1.105100 0.000000 0.000000 0.000000 1.000000
0.991383 0.039619 -0.124860 0.000000 -0.050649 0.994968 -0.086445 10.052400 0.120807 0.092025 0.988401 -1.105100 0.000000 0.000000 0.000000 1.000000
0.989592 0.036447 -0.139212 0.000000 -0.048620 0.995188 -0.085071 10.052400 0.135442 0.090954 0.986602 -1.105100 0.000000 0.000000 0.000000 1.000000
0.987504 0.032795 -0.154141 0.000000 -0.045869 0.995573 -0.082042 10.052400 0.150768 0.088087 0.984637 -1.105100 0.000000 0.000000 0.000000 1.000000
0.985489 0.028257 -0.167370 0.000000 -0.041675 0.996144 -0.077205 10.052400 0.164543 0.083059 0.982867 -1.105100 0.000000 0.000000 0.000000 1.000000
0.984143 0.022701 -0.175919 0.000000 -0.035604 0.996874 -0.070536 10.052400 0.173767 0.075681 0.981874 -1.105100 0.000000 0.000000 0.000000 1.000000
0.983872 0.016884 -0.178074 0.000000 -0.028324 0.997681 -0.061896 10.052400 0.176616 0.065941 0.982069 -1.105100 0.000000 0.000000 0.000000 1.000000
0.984524 0.012378 -0.174813 0.000000 -0.021637 0.998456 -0.051154 10.052400 0.173910 0.054145 0.983272 -1.105100 0.000000 0.000000 0.000000 1.000000
0.985515 0.009797 -0.169305 0.000000 -0.016634 0.999100 -0.039008 10.052400 0.168770 0.041259 0.984791 -1.105100 0.000000 0.000000 0.000000 1.000000
0.986325 0.006890 -0.164671 0.000000 -0.011600 0.999550 -0.027655 10.052400 0.164406 0.029187 0.985961 -1.105100 0.000000 0.000000 0.000000 1.000000
0.986776 -0.000442 -0.162089 0.000000 -0.002856 0.999794 -0.020110 10.052400 0.162065 0.020307 0.986571 -1.105100 0.000000 0.000000 0.000000 1.000000
0.986830 -0.014222 -0.161135 0.000000 0.011448 0.999770 -0.018133 10.052400 0.161356 0.016049 0.986766 -1.105100 0.000000 0.000000 0.000000 1.000000
0.986365 -0.032221 -0.161385 0.000000 0.029300 0.999362 -0.020445 10.052400 0.161940 0.015438 0.986680 -1.105100 0.000000 0.000000 0.000000 1.000000
0.985441 -0.049608 -0.162620 -0.000000 0.046449 0.998652 -0.023171 10.052400 0.163551 0.015280 0.986417 -1.105100 0.000000 0.000000 0.000000 1.000000
0.984575 -0.063232 -0.163136 0.000000 0.060276 0.997916 -0.023013 10.052400 0.164251 0.012825 0.986335 -1.105100 0.000000 0.000000 0.000000 1.000000
0.984554 -0.072805 -0.159228 0.000000 0.070477 0.997308 -0.020224 10.052400 0.160272 0.008690 0.987035 -1.105100 0.000000 0.000000 0.000000 1.000000
0.985816 -0.079356 -0.147885 0.000000 0.077531 0.996826 -0.018069 10.052400 0.148849 0.006347 0.988840 -1.105100 0.000000 0.000000 0.000000 1.000000
0.988021 -0.083210 -0.129967 0.000000 0.081427 0.996498 -0.018984 10.052400 0.131091 0.008174 0.991337 -1.105100 0.000000 0.000000 0.000000 1.000000
0.990405 -0.083921 -0.109798 0.000000 0.081984 0.996390 -0.022046 10.052400 0.111251 0.012833 0.993709 -1.105100 0.000000 0.000000 0.000000 1.000000
0.992474 -0.081321 -0.091559 0.000000 0.079375 0.996539 -0.024704 10.052400 0.093251 0.017250 0.995493 -1.105100 0.000000 0.000000 0.000000 1.000000
0.994170 -0.075913 -0.076566 0.000000 0.074123 0.996911 -0.025961 10.052400 0.078300 0.020134 0.996726 -1.105100 0.000000 0.000000 0.000000 1.000000
0.995624 -0.068341 -0.063736 0.000000 0.066757 0.997413 -0.026664 10.052400 0.065393 0.022292 0.997611 -1.105100 0.000000 0.000000 0.000000 1.000000
0.996873 -0.059700 -0.051779 0.000000 0.058329 0.997916 -0.027597 10.052400 0.053319 0.024491 0.998277 -1.105100 0.000000 0.000000 0.000000 1.000000
0.997846 -0.051658 -0.040440 0.000000 0.050519 0.998311 -0.028701 10.052400 0.041854 0.026596 0.998770 -1.105100 0.000000 0.000000 0.000000 1.000000
0.998513 -0.045602 -0.029881 0.000000 0.044710 0.998554 -0.029844 10.052400 0.031199 0.028464 0.999108 -1.105100 0.000000 0.000000 0.000000 1.000000</float_array>
        <technique_common>
          <accessor source="#mixamorig12_Spine-Matrix-animation-output-transform-array" count="45" stride="16">
            <param type="float4x4"/>
          </accessor>
        </technique_common>
      </source>
      <source id="mixamorig12_Spine-Interpolations">
        <Name_array id="mixamorig12_Spine-Interpolations-array" count="45">
 LINEAR LINEAR LINEAR LINEAR LINEAR LINEAR LINEAR LINEAR LINEAR LINEAR LINEAR
LINEAR LINEAR LINEAR LINEAR LINEAR LINEAR LINEAR LINEAR LINEAR LINEAR LINEAR LINEAR
LINEAR LINEAR LINEAR LINEAR LINEAR LINEAR LINEAR LINEAR LINEAR LINEAR LINEAR LINEAR
LINEAR LINEAR LINEAR LINEAR LINEAR LINEAR LINEAR LINEAR LINEAR LINEAR</Name_array>
        <technique_common>
          <accessor source="#mixamorig12_Spine-Interpolations-array" count="45">
            <param type="name"/>
          </accessor>
        </technique_common>
      </source>
      <sampler id="mixamorig12_Spine-Matrix-animation-transform">
        <input semantic="INPUT" source="#mixamorig12_Spine-Matrix-animation-input"/>
        <input semantic="OUTPUT" source="#mixamorig12_Spine-Matrix-animation-output-transform"/>
        <input semantic="INTERPOLATION" source="#mixamorig12_Spine-Interpolations"/>
      </sampler>
      <channel source="#mixamorig12_Spine-Matrix-animation-transform" target="mixamorig12_Spine/matrix"/>
    </animation>
    <animation id="mixamorig12_Spine1-anim" name="mixamorig12_Spine1">
      <source id="mixamorig12_Spine1-Matrix-animation-input">
        <float_array id="mixamorig12_Spine1-Matrix-animation-input-array" count="45">

0.000000 0.033333 0.066667 0.100000 0.133333 0.166667 0.200000 0.233333 0.266667 0.300000 0.333333 0.366667 0.400000 0.433333 0.466667 0.500000
0.533333 0.566667 0.600000 0.633333 0.666667 0.700000 0.733333 0.766667 0.800000 0.833333 0.866667 0.900000 0.933333 0.966667 1.000000 1.033333
1.066667 1.100000 1.133333 1.166667 1.200000 1.233333 1.266667 1.300000 1.333333 1.366667 1.400000 1.433333 1.466667</float_array>
        <technique_common>
          <accessor source="#mixamorig12_Spine1-Matrix-animation-input-array" count="45">
            <param name="TIME" type="float"/>
          </accessor>
        </technique_common>
      </source>
      <source id="mixamorig12_Spine1-Matrix-animation-output-transform">
        <float_array id="mixamorig12_Spine1-Matrix-animation-output-transform-array" count="720">

0.999957 0.000429 -0.009246 0.000000 -0.000840 0.999009 -0.044511 11.798400 0.009218 0.044516 0.998966 -0.000000 0.000000 0.000000 0.000000 1.000000
0.999977 0.002227 -0.006389 0.000000 -0.002506 0.999027 -0.044020 11.798400 0.006284 0.044035 0.999010 0.000000 0.000000 0.000000 0.000000 1.000000
0.999987 0.003726 -0.003603 0.000000 -0.003878 0.999059 -0.043207 11.798400 0.003438 0.043220 0.999060 0.000000 0.000000 0.000000 0.000000 1.000000
0.999987 0.004983 -0.001056 0.000000 -0.005023 0.999099 -0.042151 11.798400 0.000844 0.042156 0.999111 0.000000 0.000000 0.000000 0.000000 1.000000
0.999981 0.006037 0.000762 0.000000 -0.006001 0.999147 -0.040846 11.798400 -0.001008 0.040841 0.999165 -0.000000 0.000000 0.000000 0.000000 1.000000
0.999976 0.006764 0.001246 0.000000 -0.006709 0.999201 -0.039392 11.798400 -0.001511 0.039382 0.999223 0.000000 0.000000 0.000000 0.000000 1.000000
0.999977 0.006740 0.000203 0.000000 -0.006727 0.999246 -0.038232 11.798400 -0.000461 0.038230 0.999269 0.000000 0.000000 0.000000 0.000000 1.000000
0.999984 0.005427 -0.001851 0.000000 -0.005493 0.999263 -0.037992 11.798400 0.001644 0.038001 0.999276 0.000000 0.000000 0.000000 0.000000 1.000000
0.999988 0.002823 -0.003922 -0.000000 -0.002974 0.999235 -0.038998 11.798400 0.003808 0.039010 0.999232 0.000000 0.000000 0.000000 0.000000 1.000000
0.999987 -0.000133 -0.005046 0.000000 -0.000074 0.999159 -0.041007 11.798400 0.005047 0.041007 0.999146 0.000000 0.000000 0.000000 0.000000 1.000000
0.999985 -0.002256 -0.004918 0.000000 0.002041 0.999057 -0.043376 11.798400 0.005011 0.043366 0.999047 0.000000 0.000000 0.000000 0.000000 1.000000
0.999986 -0.003294 -0.004217 0.000000 0.003099 0.998956 -0.045579 11.798400 0.004363 0.045566 0.998952 0.000000 0.000000 0.000000 0.000000 1.000000
0.999983 -0.004126 -0.004148 -0.000000 0.003924 0.998857 -0.047628 11.798400 0.004340 0.047611 0.998857 -0.000000 0.000000 0.000000 0.000000 1.000000
0.999969 -0.005678 -0.005506 0.000000 0.005395 0.998735 -0.049987 11.798400 0.005783 0.049955 0.998735 0.000000 0.000000 0.000000 0.000000 1.000000
0.999936 -0.007841 -0.008198 0.000000 0.007396 0.998566 -0.053021 11.798400 0.008602 0.052957 0.998560 0.000000 0.000000 0.000000 0.000000 1.000000
0.999886 -0.009619 -0.011630 0.000000 0.008946 0.998358 -0.056576 11.798400 0.012155 0.056465 0.998331 0.000000 0.000000 0.000000 0.000000 1.000000
0.999831 -0.010167 -0.015316 0.000000 0.009229 0.998151 -0.060084 11.798400 0.015899 0.059933 0.998076 0.000000 0.000000 0.000000 0.000000 1.000000
0.999774 -0.009428 -0.019038 -0.000000 0.008211 0.997979 -0.063004 11.798400 0.019594 0.062834 0.997832 0.000000 0.000000 0.000000 0.000000 1.000000
0.999712 -0.007875 -0.022665 0.000000 0.006385 0.997859 -0.065088 11.798400 0.023129 0.064924 0.997622 0.000000 0.000000 0.000000 0.000000 1.000000
0.999641 -0.006020 -0.026096 0.000000 0.004276 0.997785 -0.066385 11.798400 0.026438 0.066250 0.997453 0.000000 0.000000 0.000000 0.000000 1.000000
0.999559 -0.004264 -0.029386 0.000000 0.002282 0.997740 -0.067151 11.798400 0.029606 0.067054 0.997310 0.000000 0.000000 0.000000 0.000000 1.000000
0.999459 -0.002879 -0.032771 -0.000000 0.000655 0.997706 -0.067691 11.798400 0.032891 0.067633 0.997168 0.000000 0.000000 0.000000 0.000000 1.000000
0.999333 -0.001919 -0.036460 0.000000 -0.000571 0.997676 -0.068140 11.798400 0.036506 0.068115 0.997009 -0.000000 0.000000 0.000000 0.000000 1.000000
0.999185 -0.001223 -0.040336 0.000000 -0.001537 0.997662 -0.068320 11.798400 0.040326 0.068326 0.996848 0.000000 0.000000 0.000000 0.000000 1.000000
0.999038 -0.000619 -0.043851 0.000000 -0.002360 0.997693 -0.067845 11.798400 0.043792 0.067883 0.996732 0.000000 0.000000 0.000000 0.000000 1.000000
0.998929 -0.000078 -0.046262 -0.000000 -0.002997 0.997788 -0.066403 11.798400 0.046165 0.066471 0.996720 0.000000 0.000000 0.000000 0.000000 1.000000
0.998890 0.000296 -0.047106 0.000000 -0.003310 0.997949 -0.063931 11.798400 0.046990 0.064016 0.996842 0.000000 0.000000 0.000000 0.000000 1.000000
0.998916 0.000340 -0.046545 0.000000 -0.003162 0.998159 -0.060567 11.798400 0.046438 0.060649 0.997078 0.000000 0.000000 0.000000 0.000000 1.000000
0.998973 -0.000107 -0.045300 0.000000 -0.002459 0.998394 -0.056591 11.798400 0.045233 0.056644 0.997369 -0.000000 0.000000 0.000000 0.000000 1.000000
0.999023 -0.001166 -0.044172 0.000000 -0.001157 0.998619 -0.052527 11.798400 0.044172 0.052527 0.997642 0.000000 0.000000 0.000000 0.000000 1.000000
0.999046 -0.002968 -0.043565 0.000000 0.000819 0.998786 -0.049262 11.798400 0.043658 0.049180 0.997835 -0.000000 0.000000 0.000000 0.000000 1.000000
0.999040 -0.005679 -0.043444 0.000000 0.003602 0.998853 -0.047739 11.798400 0.043665 0.047537 0.997915 0.000000 0.000000 0.000000 0.000000 1.000000
0.999003 -0.009270 -0.043664 0.000000 0.007161 0.998812 -0.048204 11.798400 0.044058 0.047844 0.997883 0.000000 0.000000 0.000000 0.000000 1.000000
0.998940 -0.013198 -0.044092 0.000000 0.011000 0.998702 -0.049725 11.798400 0.044691 0.049187 0.997789 -0.000000 0.000000 0.000000 0.000000 1.000000
0.998882 -0.016537 -0.044291 0.000000 0.014283 0.998611 -0.050720 11.798400 0.045068 0.050031 0.997730 0.000000 0.000000 0.000000 0.000000 1.000000
0.998888 -0.018511 -0.043359 -0.000000 0.016329 0.998607 -0.050165 11.798400 0.044228 0.049401 0.997799 -0.000000 0.000000 0.000000 0.000000 1.000000
0.999000 -0.018857 -0.040537 -0.000000 0.016893 0.998692 -0.048264 11.798400 0.041394 0.047531 0.998012 -0.000000 0.000000 0.000000 0.000000 1.000000
0.999195 -0.017708 -0.035997 0.000000 0.016044 0.998812 -0.046003 11.798400 0.036769 0.045389 0.998292 0.000000 0.000000 0.000000 0.000000 1.000000
0.999406 -0.015406 -0.030816 -0.000000 0.014034 0.998921 -0.044265 11.798400 0.031465 0.043806 0.998544 0.000000 0.000000 0.000000 0.000000 1.000000
0.999582 -0.012464 -0.026071 0.000000 0.011325 0.998994 -0.043399 11.798400 0.026586 0.043085 0.998718 0.000000 0.000000 0.000000 0.000000 1.000000
0.999711 -0.009432 -0.022104 -0.000000 0.008468 0.999026 -0.043314 11.798400 0.022491 0.043115 0.998817 0.000000 0.000000 0.000000 0.000000 1.000000
0.999804 -0.006615 -0.018636 -0.000000 0.005795 0.999027 -0.043709 11.798400 0.018907 0.043593 0.998870 0.000000 0.000000 0.000000 0.000000 1.000000
0.999874 -0.004037 -0.015360 -0.000000 0.003354 0.999016 -0.044234 11.798400 0.015523 0.044176 0.998903 -0.000000 0.000000 0.000000 0.000000 1.000000
0.999924 -0.001675 -0.012219 0.000000 0.001129 0.999006 -0.044571 11.798400 0.012282 0.044554 0.998931 -0.000000 0.000000 0.000000 0.000000 1.000000
0.999957 0.000429 -0.009246 0.000000 -0.000840 0.999009 -0.044511 11.798400 0.009218 0.044516 0.998966 0.000000 0.000000 0.000000 0.000000 1.000000</float_array>
        <technique_common>
          <accessor source="#mixamorig12_Spine1-Matrix-animation-output-transform-array" count="45" stride="16">
            <param type="float4x4"/>
          </accessor>
        </technique_common>
      </source>
      <source id="mixamorig12_Spine1-Interpolations">
        <Name_array id="mixamorig12_Spine1-Interpolations-array" count="45">
 LINEAR LINEAR LINEAR LINEAR LINEAR LINEAR LINEAR LINEAR LINEAR LINEAR LINEAR
LINEAR LINEAR LINEAR LINEAR LINEAR LINEAR LINEAR LINEAR LINEAR LINEAR LINEAR LINEAR
LINEAR LINEAR LINEAR LINEAR LINEAR LINEAR LINEAR LINEAR LINEAR LINEAR LINEAR LINEAR
LINEAR LINEAR LINEAR LINEAR LINEAR LINEAR LINEAR LINEAR LINEAR LINEAR</Name_array>
        <technique_common>
          <accessor source="#mixamorig12_Spine1-Interpolations-array" count="45">
            <param type="name"/>
          </accessor>
        </technique_common>
      </source>
      <sampler id="mixamorig12_Spine1-Matrix-animation-transform">
        <input semantic="INPUT" source="#mixamorig12_Spine1-Matrix-animation-input"/>
        <input semantic="OUTPUT" source="#mixamorig12_Spine1-Matrix-animation-output-transform"/>
        <input semantic="INTERPOLATION" source="#mixamorig12_Spine1-Interpolations"/>
      </sampler>
      <channel source="#mixamorig12_Spine1-Matrix-animation-transform" target="mixamorig12_Spine1/matrix"/>
    </animation>
    <animation id="mixamorig12_Spine2-anim" name="mixamorig12_Spine2">
      <source id="mixamorig12_Spine2-Matrix-animation-input">
        <float_array id="mixamorig12_Spine2-Matrix-animation-input-array" count="45">

0.000000 0.033333 0.066667 0.100000 0.133333 0.166667 0.200000 0.233333 0.266667 0.300000 0.333333 0.366667 0.400000 0.433333 0.466667 0.500000
0.533333 0.566667 0.600000 0.633333 0.666667 0.700000 0.733333 0.766667 0.800000 0.833333 0.866667 0.900000 0.933333 0.966667 1.000000 1.033333
1.066667 1.100000 1.133333 1.166667 1.200000 1.233333 1.266667 1.300000 1.333333 1.366667 1.400000 1.433333 1.466667</float_array>
        <technique_common>
          <accessor source="#mixamorig12_Spine2-Matrix-animation-input-array" count="45">
            <param name="TIME" type="float"/>
          </accessor>
        </technique_common>
      </source>
      <source id="mixamorig12_Spine2-Matrix-animation-output-transform">
        <float_array id="mixamorig12_Spine2-Matrix-animation-output-transform-array" count="720">

0.999956 0.000388 -0.009407 0.000000 -0.000806 0.999011 -0.044446 13.483900 0.009380 0.044452 0.998967 0.000000 0.000000 0.000000 0.000000 1.000000
0.999976 0.002199 -0.006538 -0.000000 -0.002485 0.999029 -0.043977 13.483900 0.006435 0.043992 0.999011 0.000000 0.000000 0.000000 0.000000 1.000000
0.999986 0.003712 -0.003740 -0.000000 -0.003870 0.999060 -0.043184 13.483900 0.003577 0.043198 0.999060 0.000000 0.000000 0.000000 0.000000 1.000000
0.999987 0.004982 -0.001183 0.000000 -0.005028 0.999099 -0.042148 13.483900 0.000972 0.042154 0.999111 -0.000000 0.000000 0.000000 0.000000 1.000000
0.999982 0.006045 0.000639 -0.000000 -0.006014 0.999147 -0.040857 13.483900 -0.000885 0.040852 0.999165 0.000000 0.000000 0.000000 0.000000 1.000000
0.999976 0.006773 0.001115 -0.000000 -0.006724 0.999201 -0.039404 13.483900 -0.001381 0.039396 0.999223 0.000000 0.000000 0.000000 0.000000 1.000000
0.999977 0.006741 0.000058 0.000000 -0.006734 0.999246 -0.038234 13.483900 -0.000315 0.038233 0.999269 0.000000 0.000000 0.000000 0.000000 1.000000
0.999983 0.005414 -0.001997 0.000000 -0.005486 0.999263 -0.037979 13.483900 0.001790 0.037990 0.999277 0.000000 0.000000 0.000000 0.000000 1.000000
0.999988 0.002797 -0.004033 0.000000 -0.002952 0.999236 -0.038982 13.483900 0.003921 0.038993 0.999232 0.000000 0.000000 0.000000 0.000000 1.000000
0.999987 -0.000165 -0.005085 0.000000 -0.000044 0.999159 -0.041003 13.483900 0.005088 0.041002 0.999146 0.000000 0.000000 0.000000 0.000000 1.000000
0.999986 -0.002285 -0.004868 -0.000000 0.002072 0.999056 -0.043392 13.483900 0.004962 0.043381 0.999046 0.000000 0.000000 0.000000 0.000000 1.000000
0.999986 -0.003316 -0.004083 -0.000000 0.003126 0.998954 -0.045612 13.483900 0.004230 0.045598 0.998951 0.000000 0.000000 0.000000 0.000000 1.000000
0.999984 -0.004145 -0.003944 -0.000000 0.003953 0.998855 -0.047674 13.483900 0.004137 0.047658 0.998855 0.000000 0.000000 0.000000 0.000000 1.000000
0.999970 -0.005704 -0.005236 0.000000 0.005434 0.998732 -0.050053 13.483900 0.005515 0.050023 0.998733 0.000000 0.000000 0.000000 0.000000 1.000000
0.999938 -0.007878 -0.007864 -0.000000 0.007450 0.998560 -0.053121 13.483900 0.008271 0.053059 0.998557 0.000000 0.000000 0.000000 0.000000 1.000000
0.999890 -0.009668 -0.011251 0.000000 0.009015 0.998350 -0.056708 13.483900 0.011781 0.056601 0.998327 0.000000 0.000000 0.000000 0.000000 1.000000
0.999836 -0.010227 -0.014935 0.000000 0.009310 0.998141 -0.060233 13.483900 0.015523 0.060084 0.998073 -0.000000 0.000000 0.000000 0.000000 1.000000
0.999780 -0.009502 -0.018699 0.000000 0.008304 0.997970 -0.063143 13.483900 0.019261 0.062974 0.997829 0.000000 0.000000 0.000000 0.000000 1.000000
0.999718 -0.007967 -0.022388 0.000000 0.006492 0.997851 -0.065196 13.483900 0.022859 0.065033 0.997621 0.000000 0.000000 0.000000 0.000000 1.000000
0.999646 -0.006132 -0.025878 -0.000000 0.004401 0.997780 -0.066457 13.483900 0.026228 0.066320 0.997454 0.000000 0.000000 0.000000 0.000000 1.000000
0.999563 -0.004395 -0.029216 0.000000 0.002423 0.997737 -0.067191 13.483900 0.029445 0.067091 0.997312 -0.000000 0.000000 0.000000 0.000000 1.000000
0.999463 -0.003024 -0.032641 0.000000 0.000808 0.997705 -0.067707 13.483900 0.032771 0.067644 0.997171 -0.000000 0.000000 0.000000 0.000000 1.000000
0.999336 -0.002066 -0.036366 0.000000 -0.000417 0.997676 -0.068135 13.483900 0.036422 0.068105 0.997013 0.000000 0.000000 0.000000 0.000000 1.000000
0.999188 -0.001358 -0.040277 0.000000 -0.001396 0.997665 -0.068290 13.483900 0.040276 0.068291 0.996852 -0.000000 0.000000 0.000000 0.000000 1.000000
0.999039 -0.000733 -0.043826 0.000000 -0.002241 0.997698 -0.067783 13.483900 0.043775 0.067816 0.996737 0.000000 0.000000 0.000000 0.000000 1.000000
0.998929 -0.000166 -0.046269 0.000000 -0.002905 0.997795 -0.066303 13.483900 0.046178 0.066367 0.996726 0.000000 0.000000 0.000000 0.000000 1.000000
0.998888 0.000237 -0.047136 0.000000 -0.003248 0.997958 -0.063799 13.483900 0.047025 0.063881 0.996849 0.000000 0.000000 0.000000 0.000000 1.000000
0.998914 0.000311 -0.046587 0.000000 -0.003129 0.998168 -0.060425 13.483900 0.046483 0.060505 0.997085 0.000000 0.000000 0.000000 0.000000 1.000000
0.998971 -0.000111 -0.045345 -0.000000 -0.002452 0.998401 -0.056467 13.483900 0.045279 0.056520 0.997374 0.000000 0.000000 0.000000 0.000000 1.000000
0.999021 -0.001158 -0.044217 -0.000000 -0.001164 0.998624 -0.052436 13.483900 0.044217 0.052436 0.997645 0.000000 0.000000 0.000000 0.000000 1.000000
0.999044 -0.002963 -0.043615 -0.000000 0.000815 0.998789 -0.049189 13.483900 0.043708 0.049106 0.997837 0.000000 0.000000 0.000000 0.000000 1.000000
0.999037 -0.005682 -0.043508 -0.000000 0.003606 0.998858 -0.047648 13.483900 0.043729 0.047445 0.997916 0.000000 0.000000 0.000000 0.000000 1.000000
0.998999 -0.009263 -0.043754 0.000000 0.007156 0.998818 -0.048067 13.483900 0.044148 0.047706 0.997885 -0.000000 0.000000 0.000000 0.000000 1.000000
0.998935 -0.013156 -0.044218 0.000000 0.010960 0.998712 -0.049540 13.483900 0.044813 0.049003 0.997793 -0.000000 0.000000 0.000000 0.000000 1.000000
0.998876 -0.016450 -0.044454 0.000000 0.014198 0.998623 -0.050501 13.483900 0.045223 0.049813 0.997734 -0.000000 0.000000 0.000000 0.000000 1.000000
0.998882 -0.018405 -0.043553 0.000000 0.016224 0.998621 -0.049926 13.483900 0.044412 0.049163 0.997803 0.000000 0.000000 0.000000 0.000000 1.000000
0.998993 -0.018781 -0.040749 -0.000000 0.016817 0.998705 -0.048021 13.483900 0.041598 0.047288 0.998015 -0.000000 0.000000 0.000000 0.000000 1.000000
0.999187 -0.017701 -0.036216 0.000000 0.016035 0.998823 -0.045775 13.483900 0.036984 0.045157 0.998295 -0.000000 0.000000 0.000000 0.000000 1.000000
0.999399 -0.015467 -0.031038 0.000000 0.014091 0.998929 -0.044064 13.483900 0.031686 0.043600 0.998546 0.000000 0.000000 0.000000 0.000000 1.000000
0.999575 -0.012560 -0.026296 0.000000 0.011416 0.999000 -0.043223 13.483900 0.026812 0.042904 0.998719 0.000000 0.000000 0.000000 0.000000 1.000000
0.999705 -0.009529 -0.022328 0.000000 0.008559 0.999032 -0.043158 13.483900 0.022718 0.042955 0.998819 0.000000 0.000000 0.000000 0.000000 1.000000
0.999800 -0.006697 -0.018849 -0.000000 0.005870 0.999033 -0.043574 13.483900 0.019123 0.043454 0.998872 0.000000 0.000000 0.000000 0.000000 1.000000
0.999871 -0.004103 -0.015555 0.000000 0.003413 0.999020 -0.044121 13.483900 0.015721 0.044062 0.998905 0.000000 0.000000 0.000000 0.000000 1.000000
0.999922 -0.001728 -0.012396 0.000000 0.001175 0.999009 -0.044483 13.483900 0.012461 0.044465 0.998933 -0.000000 0.000000 0.000000 0.000000 1.000000
0.999956 0.000388 -0.009407 0.000000 -0.000806 0.999011 -0.044446 13.483900 0.009380 0.044452 0.998967 -0.000000 0.000000 0.000000 0.000000 1.000000</float_array>
        <technique_common>
          <accessor source="#mixamorig12_Spine2-Matrix-animation-output-transform-array" count="45" stride="16">
            <param type="float4x4"/>
          </accessor>
        </technique_common>
      </source>
      <source id="mixamorig12_Spine2-Interpolations">
        <Name_array id="mixamorig12_Spine2-Interpolations-array" count="45">
 LINEAR LINEAR LINEAR LINEAR LINEAR LINEAR LINEAR LINEAR LINEAR LINEAR LINEAR
LINEAR LINEAR LINEAR LINEAR LINEAR LINEAR LINEAR LINEAR LINEAR LINEAR LINEAR LINEAR
LINEAR LINEAR LINEAR LINEAR LINEAR LINEAR LINEAR LINEAR LINEAR LINEAR LINEAR LINEAR
LINEAR LINEAR LINEAR LINEAR LINEAR LINEAR LINEAR LINEAR LINEAR LINEAR</Name_array>
        <technique_common>
          <accessor source="#mixamorig12_Spine2-Interpolations-array" count="45">
            <param type="name"/>
          </accessor>
        </technique_common>
      </source>
      <sampler id="mixamorig12_Spine2-Matrix-animation-transform">
        <input semantic="INPUT" source="#mixamorig12_Spine2-Matrix-animation-input"/>
        <input semantic="OUTPUT" source="#mixamorig12_Spine2-Matrix-animation-output-transform"/>
        <input semantic="INTERPOLATION" source="#mixamorig12_Spine2-Interpolations"/>
      </sampler>
      <channel source="#mixamorig12_Spine2-Matrix-animation-transform" target="mixamorig12_Spine2/matrix"/>
    </animation>
    <animation id="mixamorig12_Neck-anim" name="mixamorig12_Neck">
      <source id="mixamorig12_Neck-Matrix-animation-input">
        <float_array id="mixamorig12_Neck-Matrix-animation-input-array" count="45">

0.000000 0.033333 0.066667 0.100000 0.133333 0.166667 0.200000 0.233333 0.266667 0.300000 0.333333 0.366667 0.400000 0.433333 0.466667 0.500000
0.533333 0.566667 0.600000 0.633333 0.666667 0.700000 0.733333 0.766667 0.800000 0.833333 0.866667 0.900000 0.933333 0.966667 1.000000 1.033333
1.066667 1.100000 1.133333 1.166667 1.200000 1.233333 1.266667 1.300000 1.333333 1.366667 1.400000 1.433333 1.466667</float_array>
        <technique_common>
          <accessor source="#mixamorig12_Neck-Matrix-animation-input-array" count="45">
            <param name="TIME" type="float"/>
          </accessor>
        </technique_common>
      </source>
      <source id="mixamorig12_Neck-Matrix-animation-output-transform">
        <float_array id="mixamorig12_Neck-Matrix-animation-output-transform-array" count="720">

0.996424 -0.040750 -0.074017 0.000000 0.036624 0.997744 -0.056272 15.169400 0.076143 0.053360 0.995668 0.000000 0.000000 0.000000 0.000000 1.000000
0.996542 -0.039695 -0.072999 -0.000000 0.035774 0.997886 -0.054259 15.169400 0.074998 0.051460 0.995855 -0.000000 0.000000 0.000000 0.000000 1.000000
0.996653 -0.038766 -0.071978 0.000000 0.035166 0.998099 -0.050617 15.169400 0.073804 0.047916 0.996121 0.000000 0.000000 0.000000 0.000000 1.000000
0.996763 -0.038116 -0.070782 0.000000 0.034873 0.998309 -0.046503 15.169400 0.072435 0.043884 0.996407 -0.000000 0.000000 0.000000 0.000000 1.000000
0.996877 -0.038224 -0.069099 0.000000 0.035258 0.998425 -0.043639 15.169400 0.070658 0.041066 0.996655 0.000000 0.000000 0.000000 0.000000 1.000000
0.997000 -0.039276 -0.066690 -0.000000 0.036455 0.998409 -0.043009 15.169400 0.068273 0.040448 0.996846 0.000000 0.000000 0.000000 0.000000 1.000000
0.997137 -0.040695 -0.063729 -0.000000 0.037940 0.998317 -0.043860 15.169400 0.065407 0.041317 0.997003 -0.000000 0.000000 0.000000 0.000000 1.000000
0.997287 -0.041577 -0.060749 0.000000 0.038909 0.998252 -0.044476 15.169400 0.062492 0.041992 0.997162 -0.000000 0.000000 0.000000 0.000000 1.000000
0.997453 -0.041347 -0.058112 0.000000 0.038825 0.998282 -0.043883 15.169400 0.059826 0.041515 0.997345 -0.000000 0.000000 0.000000 0.000000 1.000000
0.997662 -0.039599 -0.055708 0.000000 0.037263 0.998407 -0.042362 15.169400 0.057296 0.040187 0.997548 0.000000 0.000000 0.000000 0.000000 1.000000
0.997945 -0.035761 -0.053160 -0.000000 0.033617 0.998606 -0.040686 15.169400 0.054541 0.038815 0.997757 -0.000000 0.000000 0.000000 0.000000 1.000000
0.998299 -0.029551 -0.050263 -0.000000 0.027579 0.998840 -0.039478 15.169400 0.051371 0.038024 0.997955 0.000000 0.000000 0.000000 0.000000 1.000000
0.998644 -0.021820 -0.047266 0.000000 0.019972 0.999031 -0.039228 15.169400 0.048077 0.038231 0.998112 0.000000 0.000000 0.000000 0.000000 1.000000
